            100            100            100            100    6.80709e+15    6.81044e+15    2.29054e+17    6.80709e+15        1.00069
        316.228            100            100            100    6.80709e+15    6.81044e+15    2.29054e+17    6.80709e+15        1.00069
           1000            100            100            100    6.80709e+15    6.81044e+15    2.29054e+17    6.80709e+15        1.00069
        3162.28            100        99.9999            100     6.8071e+15    6.81044e+15    2.29054e+17    6.80709e+15        1.00069
          10000            100        99.9993            100    6.80725e+15    6.81044e+15    2.29054e+17    6.80709e+15        1.00069
        31622.8            100        99.9926            100    6.80876e+15    6.81044e+15    2.29054e+17    6.80709e+15        1.00069
         100000            100        99.9262            100    6.82377e+15    6.81044e+15    2.29054e+17    6.80709e+15        1.00069
         316228            100        99.2565            100    6.97253e+15    6.81044e+15    2.29054e+17    6.80709e+15        1.00069
          1e+06            100        91.9152            100    8.29552e+15    6.81044e+15    2.29054e+17    6.80709e+15        1.00065
    3.16228e+06            100        23.1113            100    1.56673e+16    6.81044e+15    2.29054e+17    6.80709e+15        1.00026
          1e+07            100              0            100    4.30092e+16    6.81044e+15    2.29054e+17    6.80709e+15       0.997373
    3.16228e+07            100              0            100    1.32266e+17    6.81044e+15    2.29054e+17    6.80709e+15       0.982144
          1e+08            100              0            100    4.16163e+17    6.81044e+15    2.29054e+17    6.80709e+15       0.913879
    3.16228e+08            100              0            100    1.31486e+18    6.81044e+15    2.29054e+17    6.80709e+15       0.631953
          1e+09            100              0            100    1.50049e+20    6.81044e+15    2.29054e+17    6.80709e+15     0.00467922
    3.16228e+09            100              0        99.9957    2.48477e+23    6.81044e+15    2.29054e+17    6.80709e+15    2.97531e-05
          1e+10            100              0        114.029    4.10986e+25    6.81044e+15    2.29054e+17    6.80709e+15    2.19892e-06
    3.16228e+10            100              0        604.046    4.38029e+27    6.81044e+15    2.29054e+17    6.80709e+15    1.11076e-06
          1e+11            100              0         108881    4.41009e+29    6.81044e+15    2.29054e+17    6.80709e+15    1.99257e-05
    3.16228e+11            100              0     1.0777e+08    4.41311e+31    6.81044e+15    2.29054e+17    6.80709e+15      0.0019713
          1e+12            100              0   -5.24528e+09    4.41342e+33    6.81044e+15    2.29054e+17    6.80709e+15    -0.00959404
            100        223.872        223.872        223.872    2.60701e+16    2.60921e+16    6.70819e+17    2.60701e+16        1.00118
        316.228        223.872        223.872        223.872    2.60701e+16    2.60921e+16    6.70819e+17    2.60701e+16        1.00118
           1000        223.872        223.872        223.872    2.60701e+16    2.60921e+16    6.70819e+17    2.60701e+16        1.00118
        3162.28        223.872        223.872        223.872    2.60701e+16    2.60921e+16    6.70819e+17    2.60701e+16        1.00118
          10000        223.872        223.872        223.872    2.60703e+16    2.60921e+16    6.70819e+17    2.60701e+16        1.00118
        31622.8        223.872        223.866        223.872    2.60723e+16    2.60921e+16    6.70819e+17    2.60701e+16        1.00118
         100000        223.872        223.816        223.872    2.60919e+16    2.60921e+16    6.70819e+17    2.60701e+16        1.00118
         316228        223.872        223.306        223.872    2.62878e+16    2.60921e+16    6.70819e+17    2.60701e+16        1.00118
          1e+06        223.872        218.042        223.872    2.81784e+16    2.60921e+16    6.70819e+17    2.60701e+16        1.00116
    3.16228e+06        223.872        157.952        223.872    4.17684e+16    2.60921e+16    6.70819e+17    2.60701e+16        1.00094
          1e+07        223.872              0        223.872    1.00236e+17    2.60921e+16    6.70819e+17    2.60701e+16       0.998876
    3.16228e+07        223.872              0        223.872    2.98328e+17    2.60921e+16    6.70819e+17    2.60701e+16       0.986522
          1e+08        223.872              0        223.872    9.32884e+17    2.60921e+16    6.70819e+17    2.60701e+16       0.927514
    3.16228e+08        223.872              0        223.872    2.94423e+18    2.60921e+16    6.70819e+17    2.60701e+16       0.674952
          1e+09        223.872              0        223.872     1.5028e+20    2.60921e+16    6.70819e+17    2.60701e+16      0.0104701
    3.16228e+09        223.872              0         223.87    2.48477e+23    2.60921e+16    6.70819e+17    2.60701e+16    6.66111e-05
          1e+10        223.872              0        227.832    4.10986e+25    2.60921e+16    6.70819e+17    2.60701e+16     4.3935e-06
    3.16228e+10        223.872              0        121.495    4.38029e+27    2.60921e+16    6.70819e+17    2.60701e+16    2.23413e-07
          1e+11        223.872              0        47330.3    4.41009e+29    2.60921e+16    6.70819e+17    2.60701e+16    8.66167e-06
    3.16228e+11        223.872              0    4.80994e+07    4.41311e+31    2.60921e+16    6.70819e+17    2.60701e+16    0.000879819
          1e+12        223.872              0   -1.46312e+10    4.41342e+33    2.60921e+16    6.70819e+17    2.60701e+16     -0.0267617
            100        501.187        501.187        501.187    9.98196e+16    9.99636e+16    1.96459e+18    9.98196e+16        1.00202
        316.228        501.187        501.187        501.187    9.98196e+16    9.99636e+16    1.96459e+18    9.98196e+16        1.00202
           1000        501.187        501.187        501.187    9.98196e+16    9.99636e+16    1.96459e+18    9.98196e+16        1.00202
        3162.28        501.187        501.187        501.187    9.98196e+16    9.99636e+16    1.96459e+18    9.98196e+16        1.00202
          10000        501.187        501.187        501.187    9.98198e+16    9.99636e+16    1.96459e+18    9.98196e+16        1.00202
        31622.8        501.187        501.183        501.187    9.98224e+16    9.99636e+16    1.96459e+18    9.98196e+16        1.00202
         100000        501.187        501.144        501.187    9.98481e+16    9.99636e+16    1.96459e+18    9.98196e+16        1.00202
         316228        501.187        500.754        501.187    1.00105e+17    9.99636e+16    1.96459e+18    9.98196e+16        1.00202
          1e+06        501.187        496.814        501.187    1.02646e+17    9.99636e+16    1.96459e+18    9.98196e+16        1.00201
    3.16228e+06        501.187        453.194        501.187    1.24812e+17    9.99636e+16    1.96459e+18    9.98196e+16        1.00189
          1e+07        501.187         71.638        501.187    2.43911e+17    9.99636e+16    1.96459e+18    9.98196e+16        1.00055
    3.16228e+07        501.187              0        501.187    6.78971e+17    9.99636e+16    1.96459e+18    9.98196e+16       0.990999
          1e+08        501.187              0        501.187    2.09454e+18    9.99636e+16    1.96459e+18    9.98196e+16       0.941203
    3.16228e+08        501.187              0        501.187     6.5944e+18    9.99636e+16    1.96459e+18    9.98196e+16        0.71798
          1e+09        501.187              0        501.187    1.51433e+20    9.99636e+16    1.96459e+18    9.98196e+16      0.0233801
    3.16228e+09        501.187              0        501.187    2.48477e+23    9.99636e+16    1.96459e+18    9.98196e+16    0.000149125
          1e+10        501.187              0        501.723    4.10986e+25    9.99636e+16    1.96459e+18    9.98196e+16    9.67519e-06
    3.16228e+10        501.187              0        621.993    4.38029e+27    9.99636e+16    1.96459e+18    9.98196e+16    1.14376e-06
          1e+11        501.187              0        19836.7    4.41009e+29    9.99636e+16    1.96459e+18    9.98196e+16    3.63022e-06
    3.16228e+11        501.187              0    2.14447e+07    4.41311e+31    9.99636e+16    1.96459e+18    9.98196e+16    0.000392259
          1e+12        501.187              0   -2.19235e+10    4.41342e+33    9.99636e+16    1.96459e+18    9.98196e+16     -0.0400999
            100        1122.02        1122.02        1122.02    3.82036e+17    3.82979e+17    5.75358e+18    3.82036e+17        1.00346
        316.228        1122.02        1122.02        1122.02    3.82036e+17    3.82979e+17    5.75358e+18    3.82036e+17        1.00346
           1000        1122.02        1122.02        1122.02    3.82036e+17    3.82979e+17    5.75358e+18    3.82036e+17        1.00346
        3162.28        1122.02        1122.02        1122.02    3.82036e+17    3.82979e+17    5.75358e+18    3.82036e+17        1.00346
          10000        1122.02        1122.02        1122.02    3.82037e+17    3.82979e+17    5.75358e+18    3.82036e+17        1.00346
        31622.8        1122.02        1122.02        1122.02     3.8204e+17    3.82979e+17    5.75358e+18    3.82036e+17        1.00346
         100000        1122.02        1121.99        1122.02    3.82074e+17    3.82979e+17    5.75358e+18    3.82036e+17        1.00346
         316228        1122.02        1121.69        1122.02     3.8241e+17    3.82979e+17    5.75358e+18    3.82036e+17        1.00345
          1e+06        1122.02        1118.68        1122.02    3.85761e+17    3.82979e+17    5.75358e+18    3.82036e+17        1.00345
    3.16228e+06        1122.02        1087.45        1122.02    4.17871e+17    3.82979e+17    5.75358e+18    3.82036e+17        1.00338
          1e+07        1122.02         734.76        1122.02    6.40786e+17    3.82979e+17    5.75358e+18    3.82036e+17        1.00261
    3.16228e+07        1122.02              0        1122.02    1.57529e+18    3.82979e+17    5.75358e+18    3.82036e+17       0.995698
          1e+08        1122.02              0        1122.02    4.71946e+18    3.82979e+17    5.75358e+18    3.82036e+17       0.955013
    3.16228e+08        1122.02              0        1122.02    1.47785e+19    3.82979e+17    5.75358e+18    3.82036e+17       0.761069
          1e+09        1122.02              0        1122.02    1.57086e+20    3.82979e+17    5.75358e+18    3.82036e+17      0.0516989
    3.16228e+09        1122.02              0        1122.19    2.48477e+23    3.82979e+17    5.75358e+18    3.82036e+17    0.000333902
          1e+10        1122.02              0        1123.66    4.10986e+25    3.82979e+17    5.75358e+18    3.82036e+17    2.16685e-05
    3.16228e+10        1122.02              0        1223.46    4.38029e+27    3.82979e+17    5.75358e+18    3.82036e+17    2.24977e-06
          1e+11        1122.02              0        7555.82    4.41009e+29    3.82979e+17    5.75358e+18    3.82036e+17    1.38275e-06
    3.16228e+11        1122.02              0    9.53835e+06    4.41311e+31    3.82979e+17    5.75358e+18    3.82036e+17    0.000174473
          1e+12        1122.02              0    8.13339e+09    4.41342e+33    3.82979e+17    5.75358e+18    3.82036e+17      0.0148766
            100        2511.89        2511.89        2511.89     1.4611e+18    1.46727e+18    1.68502e+19     1.4611e+18        1.00591
        316.228        2511.89        2511.89        2511.89     1.4611e+18    1.46727e+18    1.68502e+19     1.4611e+18        1.00591
           1000        2511.89        2511.89        2511.89     1.4611e+18    1.46727e+18    1.68502e+19     1.4611e+18        1.00591
        3162.28        2511.89        2511.89        2511.89     1.4611e+18    1.46727e+18    1.68502e+19     1.4611e+18        1.00591
          10000        2511.89        2511.89        2511.89     1.4611e+18    1.46727e+18    1.68502e+19     1.4611e+18        1.00591
        31622.8        2511.89        2511.88        2511.89     1.4611e+18    1.46727e+18    1.68502e+19     1.4611e+18        1.00591
         100000        2511.89        2511.86        2511.89    1.46115e+18    1.46727e+18    1.68502e+19     1.4611e+18        1.00591
         316228        2511.89        2511.63        2511.89    1.46159e+18    1.46727e+18    1.68502e+19     1.4611e+18        1.00591
          1e+06        2511.89        2509.31        2511.89    1.46598e+18    1.46727e+18    1.68502e+19     1.4611e+18         1.0059
    3.16228e+06        2511.89        2485.89        2511.89    1.50938e+18    1.46727e+18    1.68502e+19     1.4611e+18        1.00587
          1e+07        2511.89        2224.53        2511.89    1.87971e+18    1.46727e+18    1.68502e+19     1.4611e+18        1.00545
    3.16228e+07        2511.89        144.743        2511.89    3.79973e+18    1.46727e+18    1.68502e+19     1.4611e+18        1.00088
          1e+08        2511.89              0        2511.89    1.07173e+19    1.46727e+18    1.68502e+19     1.4611e+18       0.969094
    3.16228e+08        2511.89              0        2511.89    3.31627e+19    1.46727e+18    1.68502e+19     1.4611e+18       0.804297
          1e+09        2511.89              0        2511.89     1.8281e+20    1.46727e+18    1.68502e+19     1.4611e+18       0.109693
    3.16228e+09        2511.89              0        2511.89    2.48478e+23    1.46727e+18    1.68502e+19     1.4611e+18    0.000747398
          1e+10        2511.89              0        2511.84    4.10986e+25    1.46727e+18    1.68502e+19     1.4611e+18    4.84382e-05
    3.16228e+10        2511.89              0        2576.86    4.38029e+27    1.46727e+18    1.68502e+19     1.4611e+18    4.73849e-06
          1e+11        2511.89              0        3209.71    4.41009e+29    1.46727e+18    1.68502e+19     1.4611e+18    5.87393e-07
    3.16228e+11        2511.89              0    4.21999e+06    4.41311e+31    1.46727e+18    1.68502e+19     1.4611e+18    7.71908e-05
          1e+12        2511.89              0    4.10885e+09    4.41342e+33    1.46727e+18    1.68502e+19     1.4611e+18     0.00751541
            100        5623.41        5623.41        5623.41    5.58114e+18    5.62137e+18    4.93482e+19    5.58114e+18        1.01009
        316.228        5623.41        5623.41        5623.41    5.58114e+18    5.62137e+18    4.93482e+19    5.58114e+18        1.01009
           1000        5623.41        5623.41        5623.41    5.58114e+18    5.62137e+18    4.93482e+19    5.58114e+18        1.01009
        3162.28        5623.41        5623.41        5623.41    5.58114e+18    5.62137e+18    4.93482e+19    5.58114e+18        1.01009
          10000        5623.41        5623.41        5623.41    5.58114e+18    5.62137e+18    4.93482e+19    5.58114e+18        1.01009
        31622.8        5623.41        5623.41        5623.41    5.58115e+18    5.62137e+18    4.93482e+19    5.58114e+18        1.01009
         100000        5623.41        5623.39        5623.41     5.5812e+18    5.62137e+18    4.93482e+19    5.58114e+18        1.01009
         316228        5623.41        5623.21        5623.41    5.58178e+18    5.62137e+18    4.93482e+19    5.58114e+18        1.01009
          1e+06        5623.41        5621.41        5623.41    5.58753e+18    5.62137e+18    4.93482e+19    5.58114e+18        1.01008
    3.16228e+06        5623.41        5603.37        5623.41    5.64484e+18    5.62137e+18    4.93482e+19    5.58114e+18        1.01006
          1e+07        5623.41        5414.88        5623.41    6.18933e+18    5.62137e+18    4.93482e+19    5.58114e+18        1.00984
    3.16228e+07        5623.41        3330.08        5623.41    9.83411e+18    5.62137e+18    4.93482e+19    5.58114e+18        1.00712
          1e+08        5623.41              0        5623.41    2.47485e+19    5.62137e+18    4.93482e+19    5.58114e+18       0.983778
    3.16228e+08        5623.41              0        5623.41    7.46306e+19    5.62137e+18    4.93482e+19    5.58114e+18       0.847836
          1e+09        5623.41              0        5623.41    2.78029e+20    5.62137e+18    4.93482e+19    5.58114e+18       0.207265
    3.16228e+09        5623.41              0        5623.38    2.48479e+23    5.62137e+18    4.93482e+19    5.58114e+18      0.0016732
          1e+10        5623.41              0        5623.08    4.10986e+25    5.62137e+18    4.93482e+19    5.58114e+18    0.000108435
    3.16228e+10        5623.41              0        5644.06    4.38029e+27    5.62137e+18    4.93482e+19    5.58114e+18    1.03786e-05
          1e+11        5623.41              0        13922.7    4.41009e+29    5.62137e+18    4.93482e+19    5.58114e+18    2.54792e-06
    3.16228e+11        5623.41              0    1.84437e+06    4.41311e+31    5.62137e+18    4.93482e+19    5.58114e+18    3.37367e-05
          1e+12        5623.41              0    1.88347e+09    4.41342e+33    5.62137e+18    4.93482e+19    5.58114e+18     0.00344502
            100        12589.3        12589.3        12589.3    2.12749e+19    2.15365e+19    1.44523e+20    2.12749e+19         1.0172
        316.228        12589.3        12589.3        12589.3    2.12749e+19    2.15365e+19    1.44523e+20    2.12749e+19         1.0172
           1000        12589.3        12589.3        12589.3    2.12749e+19    2.15365e+19    1.44523e+20    2.12749e+19         1.0172
        3162.28        12589.3        12589.3        12589.3    2.12749e+19    2.15365e+19    1.44523e+20    2.12749e+19         1.0172
          10000        12589.3        12589.3        12589.3    2.12749e+19    2.15365e+19    1.44523e+20    2.12749e+19         1.0172
        31622.8        12589.3        12589.3        12589.3    2.12749e+19    2.15365e+19    1.44523e+20    2.12749e+19         1.0172
         100000        12589.3        12589.2        12589.3     2.1275e+19    2.15365e+19    1.44523e+20    2.12749e+19         1.0172
         316228        12589.3        12589.1        12589.3    2.12758e+19    2.15365e+19    1.44523e+20    2.12749e+19         1.0172
          1e+06        12589.3        12587.7        12589.3    2.12833e+19    2.15365e+19    1.44523e+20    2.12749e+19         1.0172
    3.16228e+06        12589.3        12573.5        12589.3    2.13585e+19    2.15365e+19    1.44523e+20    2.12749e+19        1.01719
          1e+07        12589.3        12430.4        12589.3    2.20992e+19    2.15365e+19    1.44523e+20    2.12749e+19        1.01706
    3.16228e+07        12589.3        10827.7        12589.3    2.82653e+19    2.15365e+19    1.44523e+20    2.12749e+19        1.01557
          1e+08        12589.3              0        12589.3    5.91337e+19    2.15365e+19    1.44523e+20    2.12749e+19       0.999789
    3.16228e+08        12589.3              0        12589.3    1.69017e+20    2.15365e+19    1.44523e+20    2.12749e+19       0.892065
          1e+09        12589.3              0        12589.3    5.45882e+20    2.15365e+19    1.44523e+20    2.12749e+19       0.331894
    3.16228e+09        12589.3              0        12589.3    2.48483e+23    2.15365e+19    1.44523e+20    2.12749e+19     0.00374584
          1e+10        12589.3              0        12589.2    4.10986e+25    2.15365e+19    1.44523e+20    2.12749e+19    0.000242769
    3.16228e+10        12589.3              0        13281.5    4.38029e+27    2.15365e+19    1.44523e+20    2.12749e+19    2.44228e-05
          1e+11        12589.3              0        1777.76    4.41009e+29    2.15365e+19    1.44523e+20    2.12749e+19    3.25338e-07
    3.16228e+11        12589.3              0       -18744.7    4.41311e+31    2.15365e+19    1.44523e+20    2.12749e+19   -3.42872e-07
          1e+12        12589.3              0    8.44582e+08    4.41342e+33    2.15365e+19    1.44523e+20    2.12749e+19     0.00154481
            100        28183.8        28183.8        28183.8    8.08189e+19    8.25104e+19    4.23258e+20    8.08189e+19        1.02926
        316.228        28183.8        28183.8        28183.8    8.08189e+19    8.25104e+19    4.23258e+20    8.08189e+19        1.02926
           1000        28183.8        28183.8        28183.8    8.08189e+19    8.25104e+19    4.23258e+20    8.08189e+19        1.02926
        3162.28        28183.8        28183.8        28183.8    8.08189e+19    8.25104e+19    4.23258e+20    8.08189e+19        1.02926
          10000        28183.8        28183.8        28183.8    8.08189e+19    8.25104e+19    4.23258e+20    8.08189e+19        1.02926
        31622.8        28183.8        28183.8        28183.8    8.08189e+19    8.25104e+19    4.23258e+20    8.08189e+19        1.02926
         100000        28183.8        28183.8        28183.8     8.0819e+19    8.25104e+19    4.23258e+20    8.08189e+19        1.02926
         316228        28183.8        28183.7        28183.8      8.082e+19    8.25104e+19    4.23258e+20    8.08189e+19        1.02926
          1e+06        28183.8        28182.6        28183.8    8.08299e+19    8.25104e+19    4.23258e+20    8.08189e+19        1.02926
    3.16228e+06        28183.8        28171.3        28183.8    8.09284e+19    8.25104e+19    4.23258e+20    8.08189e+19        1.02925
          1e+07        28183.8        28057.9        28183.8    8.19087e+19    8.25104e+19    4.23258e+20    8.08189e+19        1.02918
    3.16228e+07        28183.8        26868.1        28183.8    9.11226e+19    8.25104e+19    4.23258e+20    8.08189e+19        1.02836
          1e+08        28183.8          14245        28183.8    1.50468e+20    8.25104e+19    4.23258e+20    8.08189e+19        1.01866
    3.16228e+08        28183.8              0        28183.8    3.88015e+20    8.25104e+19    4.23258e+20    8.08189e+19       0.937827
          1e+09        28183.8              0        28183.8    1.18864e+21    8.25104e+19    4.23258e+20    8.08189e+19       0.466312
    3.16228e+09        28183.8              0        28183.8    2.48507e+23    8.25104e+19    4.23258e+20    8.08189e+19     0.00838566
          1e+10        28183.8              0        28183.8    4.10986e+25    8.25104e+19    4.23258e+20    8.08189e+19    0.000543495
    3.16228e+10        28183.8              0        29539.5    4.38029e+27    8.25104e+19    4.23258e+20    8.08189e+19    5.43191e-05
          1e+11        28183.8              0        20159.2    4.41009e+29    8.25104e+19    4.23258e+20    8.08189e+19    3.68923e-06
    3.16228e+11        28183.8              0        -351945    4.41311e+31    8.25104e+19    4.23258e+20    8.08189e+19   -6.43768e-06
          1e+12        28183.8              0     3.7639e+08    4.41342e+33    8.25104e+19    4.23258e+20    8.08189e+19    0.000688448
            100        63095.7        63095.7        63095.7    3.05277e+20    3.16113e+20    1.23957e+21    3.05277e+20        1.04958
        316.228        63095.7        63095.7        63095.7    3.05277e+20    3.16113e+20    1.23957e+21    3.05277e+20        1.04958
           1000        63095.7        63095.7        63095.7    3.05277e+20    3.16113e+20    1.23957e+21    3.05277e+20        1.04958
        3162.28        63095.7        63095.7        63095.7    3.05277e+20    3.16113e+20    1.23957e+21    3.05277e+20        1.04958
          10000        63095.7        63095.7        63095.7    3.05277e+20    3.16113e+20    1.23957e+21    3.05277e+20        1.04958
        31622.8        63095.7        63095.7        63095.7    3.05277e+20    3.16113e+20    1.23957e+21    3.05277e+20        1.04958
         100000        63095.7        63095.7        63095.7    3.05277e+20    3.16113e+20    1.23957e+21    3.05277e+20        1.04958
         316228        63095.7        63095.6        63095.7    3.05278e+20    3.16113e+20    1.23957e+21    3.05277e+20        1.04958
          1e+06        63095.7        63094.7        63095.7    3.05291e+20    3.16113e+20    1.23957e+21    3.05277e+20        1.04958
    3.16228e+06        63095.7        63085.4        63095.7     3.0542e+20    3.16113e+20    1.23957e+21    3.05277e+20        1.04957
          1e+07        63095.7        62992.4        63095.7    3.06708e+20    3.16113e+20    1.23957e+21    3.05277e+20        1.04953
    3.16228e+07        63095.7        62050.3        63095.7    3.19352e+20    3.16113e+20    1.23957e+21    3.05277e+20        1.04904
          1e+08        63095.7        51619.8        63095.7    4.21554e+20    3.16113e+20    1.23957e+21    3.05277e+20         1.0435
    3.16228e+08        63095.7              0        63095.7    9.16005e+20    3.16113e+20    1.23957e+21    3.05277e+20       0.986947
          1e+09        63095.7              0        63095.7     2.6645e+21    3.16113e+20    1.23957e+21    3.05277e+20       0.604315
    3.16228e+09        63095.7              0        63095.7    2.48623e+23    3.16113e+20    1.23957e+21    3.05277e+20      0.0187706
          1e+10        63095.7              0        63097.2    4.10986e+25    3.16113e+20    1.23957e+21    3.05277e+20     0.00121676
    3.16228e+10        63095.7              0        63093.1    4.38029e+27    3.16113e+20    1.23957e+21    3.05277e+20    0.000116019
          1e+11        63095.7              0        61766.1    4.41009e+29    3.16113e+20    1.23957e+21    3.05277e+20    1.13035e-05
    3.16228e+11        63095.7              0         356490    4.41311e+31    3.16113e+20    1.23957e+21    3.05277e+20     6.5208e-06
          1e+12        63095.7              0    1.66885e+08    4.41342e+33    3.16113e+20    1.23957e+21    3.05277e+20    0.000305247
            100         141254         141254         141254     1.1427e+21    1.21109e+21    3.63027e+21     1.1427e+21        1.08347
        316.228         141254         141254         141254     1.1427e+21    1.21109e+21    3.63027e+21     1.1427e+21        1.08347
           1000         141254         141254         141254     1.1427e+21    1.21109e+21    3.63027e+21     1.1427e+21        1.08347
        3162.28         141254         141254         141254     1.1427e+21    1.21109e+21    3.63027e+21     1.1427e+21        1.08347
          10000         141254         141254         141254     1.1427e+21    1.21109e+21    3.63027e+21     1.1427e+21        1.08347
        31622.8         141254         141254         141254     1.1427e+21    1.21109e+21    3.63027e+21     1.1427e+21        1.08347
         100000         141254         141254         141254     1.1427e+21    1.21109e+21    3.63027e+21     1.1427e+21        1.08347
         316228         141254         141254         141254     1.1427e+21    1.21109e+21    3.63027e+21     1.1427e+21        1.08347
          1e+06         141254         141253         141254    1.14272e+21    1.21109e+21    3.63027e+21     1.1427e+21        1.08347
    3.16228e+06         141254         141245         141254    1.14289e+21    1.21109e+21    3.63027e+21     1.1427e+21        1.08346
          1e+07         141254         141165         141254    1.14458e+21    1.21109e+21    3.63027e+21     1.1427e+21        1.08343
    3.16228e+07         141254         140367         141254    1.16138e+21    1.21109e+21    3.63027e+21     1.1427e+21        1.08313
          1e+08         141254         132011         141254    1.31701e+21    1.21109e+21    3.63027e+21     1.1427e+21        1.07992
    3.16228e+08         141254        51168.9         141254    2.27821e+21    1.21109e+21    3.63027e+21     1.1427e+21        1.04325
          1e+09         141254              0         141254     6.0591e+21    1.21109e+21    3.63027e+21     1.1427e+21       0.745981
    3.16228e+09         141254              0         141254    2.49208e+23    1.21109e+21    3.63027e+21     1.1427e+21       0.041994
          1e+10         141254              0         141254    4.10986e+25    1.21109e+21    3.63027e+21     1.1427e+21     0.00272393
    3.16228e+10         141254              0         141252    4.38029e+27    1.21109e+21    3.63027e+21     1.1427e+21    0.000259743
          1e+11         141254              0         142025    4.41009e+29    1.21109e+21    3.63027e+21     1.1427e+21    2.59912e-05
    3.16228e+11         141254              0         165504    4.41311e+31    1.21109e+21    3.63027e+21     1.1427e+21    3.02735e-06
          1e+12         141254              0    7.32698e+07    4.41342e+33    1.21109e+21    3.63027e+21     1.1427e+21    0.000134016
            100         316228         316228         316228     4.2181e+21     4.6399e+21    1.06318e+22     4.2181e+21        1.13912
        316.228         316228         316228         316228     4.2181e+21     4.6399e+21    1.06318e+22     4.2181e+21        1.13912
           1000         316228         316228         316228     4.2181e+21     4.6399e+21    1.06318e+22     4.2181e+21        1.13912
        3162.28         316228         316228         316228     4.2181e+21     4.6399e+21    1.06318e+22     4.2181e+21        1.13912
          10000         316228         316228         316228     4.2181e+21     4.6399e+21    1.06318e+22     4.2181e+21        1.13912
        31622.8         316228         316228         316228     4.2181e+21     4.6399e+21    1.06318e+22     4.2181e+21        1.13912
         100000         316228         316228         316228     4.2181e+21     4.6399e+21    1.06318e+22     4.2181e+21        1.13912
         316228         316228         316228         316228     4.2181e+21     4.6399e+21    1.06318e+22     4.2181e+21        1.13912
          1e+06         316228         316227         316228    4.21813e+21     4.6399e+21    1.06318e+22     4.2181e+21        1.13912
    3.16228e+06         316228         316220         316228    4.21835e+21     4.6399e+21    1.06318e+22     4.2181e+21        1.13912
          1e+07         316228         316148         316228    4.22057e+21     4.6399e+21    1.06318e+22     4.2181e+21         1.1391
    3.16228e+07         316228         315428         316228    4.24277e+21     4.6399e+21    1.06318e+22     4.2181e+21         1.1389
          1e+08         316228         308145         316228    4.45948e+21     4.6399e+21    1.06318e+22     4.2181e+21        1.13688
    3.16228e+08         316228         231062         316228    6.14688e+21     4.6399e+21    1.06318e+22     4.2181e+21        1.11419
          1e+09         316228              0         316228    1.40571e+22     4.6399e+21    1.06318e+22     4.2181e+21       0.894744
    3.16228e+09         316228              0         316228    2.52122e+23     4.6399e+21    1.06318e+22     4.2181e+21      0.0937003
          1e+10         316228              0         316220    4.10988e+25     4.6399e+21    1.06318e+22     4.2181e+21     0.00609795
    3.16228e+10         316228              0         316228    4.38029e+27     4.6399e+21    1.06318e+22     4.2181e+21    0.000581499
          1e+11         316228              0         331441    4.41009e+29     4.6399e+21    1.06318e+22     4.2181e+21    6.06553e-05
    3.16228e+11         316228              0         308393    4.41311e+31     4.6399e+21    1.06318e+22     4.2181e+21    5.64104e-06
          1e+12         316228              0    3.14503e+07    4.41342e+33     4.6399e+21    1.06318e+22     4.2181e+21    5.75252e-05
            100         707946         707946         707946    1.52603e+22    1.77763e+22    3.11366e+22    1.52603e+22        1.22853
        316.228         707946         707946         707946    1.52603e+22    1.77763e+22    3.11366e+22    1.52603e+22        1.22853
           1000         707946         707946         707946    1.52603e+22    1.77763e+22    3.11366e+22    1.52603e+22        1.22853
        3162.28         707946         707946         707946    1.52604e+22    1.77763e+22    3.11366e+22    1.52603e+22        1.22853
          10000         707946         707946         707946    1.52603e+22    1.77763e+22    3.11366e+22    1.52603e+22        1.22853
        31622.8         707946         707946         707946    1.52603e+22    1.77763e+22    3.11366e+22    1.52603e+22        1.22853
         100000         707946         707946         707946    1.52604e+22    1.77763e+22    3.11366e+22    1.52603e+22        1.22853
         316228         707946         707946         707946    1.52603e+22    1.77763e+22    3.11366e+22    1.52603e+22        1.22853
          1e+06         707946         707945         707946    1.52604e+22    1.77763e+22    3.11366e+22    1.52603e+22        1.22853
    3.16228e+06         707946         707938         707946    1.52607e+22    1.77763e+22    3.11366e+22    1.52603e+22        1.22853
          1e+07         707946         707868         707946    1.52636e+22    1.77763e+22    3.11366e+22    1.52603e+22        1.22851
    3.16228e+07         707946         707172         707946    1.52931e+22    1.77763e+22    3.11366e+22    1.52603e+22        1.22838
          1e+08         707946         700198         707946    1.55851e+22    1.77763e+22    3.11366e+22    1.52603e+22        1.22701
    3.16228e+08         707946         628540         707946    1.82283e+22    1.77763e+22    3.11366e+22    1.52603e+22        1.21262
          1e+09         707946        80918.8         707946    3.38166e+22    1.77763e+22    3.11366e+22    1.52603e+22        1.05828
    3.16228e+09         707946              0         707946    2.66313e+23    1.77763e+22    3.11366e+22    1.52603e+22        0.20645
          1e+10         707946              0         707946    4.10998e+25    1.77763e+22    3.11366e+22    1.52603e+22      0.0136519
    3.16228e+10         707946              0         708042    4.38029e+27    1.77763e+22    3.11366e+22    1.52603e+22     0.00130199
          1e+11         707946              0         685508    4.41009e+29    1.77763e+22    3.11366e+22    1.52603e+22    0.000125451
    3.16228e+11         707946              0    1.12638e+06    4.41311e+31    1.77763e+22    3.11366e+22    1.52603e+22    2.06035e-05
          1e+12         707946              0      1.277e+07    4.41342e+33    1.77763e+22    3.11366e+22    1.52603e+22    2.33573e-05
            100    1.58489e+06    1.58489e+06    1.58489e+06    5.37553e+22    6.81044e+22    9.11881e+22    5.37553e+22        1.36805
        316.228    1.58489e+06    1.58489e+06    1.58489e+06    5.37553e+22    6.81044e+22    9.11881e+22    5.37553e+22        1.36805
           1000    1.58489e+06    1.58489e+06    1.58489e+06    5.37553e+22    6.81044e+22    9.11881e+22    5.37553e+22        1.36805
        3162.28    1.58489e+06    1.58489e+06    1.58489e+06    5.37553e+22    6.81044e+22    9.11881e+22    5.37553e+22        1.36805
          10000    1.58489e+06    1.58489e+06    1.58489e+06    5.37553e+22    6.81044e+22    9.11881e+22    5.37553e+22        1.36805
        31622.8    1.58489e+06    1.58489e+06    1.58489e+06    5.37553e+22    6.81044e+22    9.11881e+22    5.37553e+22        1.36805
         100000    1.58489e+06    1.58489e+06    1.58489e+06    5.37553e+22    6.81044e+22    9.11881e+22    5.37553e+22        1.36805
         316228    1.58489e+06    1.58489e+06    1.58489e+06    5.37553e+22    6.81044e+22    9.11881e+22    5.37553e+22        1.36805
          1e+06    1.58489e+06    1.58489e+06    1.58489e+06    5.37553e+22    6.81044e+22    9.11881e+22    5.37553e+22        1.36805
    3.16228e+06    1.58489e+06    1.58489e+06    1.58489e+06    5.37557e+22    6.81044e+22    9.11881e+22    5.37553e+22        1.36805
          1e+07    1.58489e+06    1.58481e+06    1.58489e+06    5.37597e+22    6.81044e+22    9.11881e+22    5.37553e+22        1.36804
    3.16228e+07    1.58489e+06    1.58409e+06    1.58489e+06    5.37993e+22    6.81044e+22    9.11881e+22    5.37553e+22        1.36794
          1e+08    1.58489e+06    1.57686e+06    1.58489e+06    5.41941e+22    6.81044e+22    9.11881e+22    5.37553e+22        1.36697
    3.16228e+08    1.58489e+06    1.50438e+06    1.58489e+06    5.80096e+22    6.81044e+22    9.11881e+22    5.37553e+22        1.35712
          1e+09    1.58489e+06         827335    1.58489e+06    8.62231e+22    6.81044e+22    9.11881e+22    5.37553e+22        1.25102
    3.16228e+09    1.58489e+06              0    1.58489e+06    3.29495e+23    6.81044e+22    9.11881e+22    5.37553e+22       0.432644
          1e+10    1.58489e+06              0    1.58489e+06    4.11046e+25    6.81044e+22    9.11881e+22    5.37553e+22      0.0305619
    3.16228e+10    1.58489e+06              0    1.58491e+06    4.38029e+27    6.81044e+22    9.11881e+22    5.37553e+22     0.00291443
          1e+11    1.58489e+06              0    1.58781e+06    4.41009e+29    6.81044e+22    9.11881e+22    5.37553e+22    0.000290577
    3.16228e+11    1.58489e+06              0    1.35859e+06    4.41311e+31    6.81044e+22    9.11881e+22    5.37553e+22    2.48509e-05
          1e+12    1.58489e+06              0    4.42574e+06    4.41342e+33    6.81044e+22    9.11881e+22    5.37553e+22    8.09504e-06
            100    3.54813e+06    3.54813e+06    3.54813e+06    1.83422e+23    2.60921e+23    2.67058e+23    1.83422e+23        1.57845
        316.228    3.54813e+06    3.54813e+06    3.54813e+06    1.83422e+23    2.60921e+23    2.67058e+23    1.83422e+23        1.57845
           1000    3.54813e+06    3.54813e+06    3.54813e+06    1.83422e+23    2.60921e+23    2.67058e+23    1.83422e+23        1.57845
        3162.28    3.54813e+06    3.54813e+06    3.54813e+06    1.83422e+23    2.60921e+23    2.67058e+23    1.83422e+23        1.57845
          10000    3.54813e+06    3.54813e+06    3.54813e+06    1.83422e+23    2.60921e+23    2.67058e+23    1.83422e+23        1.57845
        31622.8    3.54813e+06    3.54813e+06    3.54813e+06    1.83422e+23    2.60921e+23    2.67058e+23    1.83422e+23        1.57845
         100000    3.54813e+06    3.54813e+06    3.54813e+06    1.83422e+23    2.60921e+23    2.67058e+23    1.83422e+23        1.57845
         316228    3.54813e+06    3.54813e+06    3.54813e+06    1.83422e+23    2.60921e+23    2.67058e+23    1.83422e+23        1.57845
          1e+06    3.54813e+06    3.54813e+06    3.54813e+06    1.83422e+23    2.60921e+23    2.67058e+23    1.83422e+23        1.57845
    3.16228e+06    3.54813e+06    3.54812e+06    3.54813e+06    1.83423e+23    2.60921e+23    2.67058e+23    1.83422e+23        1.57845
          1e+07    3.54813e+06    3.54804e+06    3.54813e+06    1.83429e+23    2.60921e+23    2.67058e+23    1.83422e+23        1.57845
    3.16228e+07    3.54813e+06    3.54724e+06    3.54813e+06    1.83483e+23    2.60921e+23    2.67058e+23    1.83422e+23        1.57837
          1e+08    3.54813e+06    3.53922e+06    3.54813e+06    1.84029e+23    2.60921e+23    2.67058e+23    1.83422e+23        1.57766
    3.16228e+08    3.54813e+06    3.45923e+06    3.54813e+06    1.89414e+23    2.60921e+23    2.67058e+23    1.83422e+23        1.57051
          1e+09    3.54813e+06    2.68509e+06    3.54813e+06    2.36145e+23    2.60921e+23    2.67058e+23    1.83422e+23         1.4962
    3.16228e+09    3.54813e+06              0    3.54813e+06    5.56649e+23    2.60921e+23    2.67058e+23    1.83422e+23       0.802012
          1e+10    3.54813e+06              0    3.54813e+06    4.11285e+25    2.60921e+23    2.67058e+23    1.83422e+23        0.06841
    3.16228e+10    3.54813e+06              0    3.54812e+06     4.3803e+27    2.60921e+23    2.67058e+23    1.83422e+23      0.0065245
          1e+11    3.54813e+06              0    3.54852e+06    4.41009e+29    2.60921e+23    2.67058e+23    1.83422e+23    0.000649396
    3.16228e+11    3.54813e+06              0     3.5248e+06    4.41311e+31    2.60921e+23    2.67058e+23    1.83422e+23    6.44746e-05
          1e+12    3.54813e+06              0      2.004e+07    4.41342e+33    2.60921e+23    2.67058e+23    1.83422e+23    3.66547e-05
            100    7.94328e+06    7.94328e+06    7.94328e+06    6.05137e+23    9.99636e+23    7.82117e+23    6.05137e+23         1.8848
        316.228    7.94328e+06    7.94328e+06    7.94328e+06    6.05137e+23    9.99636e+23    7.82117e+23    6.05137e+23         1.8848
           1000    7.94328e+06    7.94328e+06    7.94328e+06    6.05137e+23    9.99636e+23    7.82117e+23    6.05137e+23         1.8848
        3162.28    7.94328e+06    7.94328e+06    7.94328e+06    6.05137e+23    9.99636e+23    7.82117e+23    6.05137e+23         1.8848
          10000    7.94328e+06    7.94328e+06    7.94328e+06    6.05137e+23    9.99636e+23    7.82117e+23    6.05137e+23         1.8848
        31622.8    7.94328e+06    7.94328e+06    7.94328e+06    6.05137e+23    9.99636e+23    7.82117e+23    6.05137e+23         1.8848
         100000    7.94328e+06    7.94328e+06    7.94328e+06    6.05137e+23    9.99636e+23    7.82117e+23    6.05137e+23         1.8848
         316228    7.94328e+06    7.94328e+06    7.94328e+06    6.05137e+23    9.99636e+23    7.82117e+23    6.05137e+23         1.8848
          1e+06    7.94328e+06    7.94328e+06    7.94328e+06    6.05137e+23    9.99636e+23    7.82117e+23    6.05137e+23         1.8848
    3.16228e+06    7.94328e+06    7.94327e+06    7.94328e+06    6.05138e+23    9.99636e+23    7.82117e+23    6.05137e+23         1.8848
          1e+07    7.94328e+06    7.94318e+06    7.94328e+06    6.05145e+23    9.99636e+23    7.82117e+23    6.05137e+23        1.88479
    3.16228e+07    7.94328e+06    7.94224e+06    7.94328e+06    6.05224e+23    9.99636e+23    7.82117e+23    6.05137e+23        1.88474
          1e+08    7.94328e+06    7.93284e+06    7.94328e+06    6.06003e+23    9.99636e+23    7.82117e+23    6.05137e+23        1.88421
    3.16228e+08    7.94328e+06     7.8391e+06    7.94328e+06    6.13758e+23    9.99636e+23    7.82117e+23    6.05137e+23        1.87886
          1e+09    7.94328e+06    6.92542e+06    7.94328e+06    6.86783e+23    9.99636e+23    7.82117e+23    6.05137e+23        1.82469
    3.16228e+09    7.94328e+06    1.01549e+06    7.94328e+06     1.2126e+24    9.99636e+23    7.82117e+23    6.05137e+23        1.28365
          1e+10    7.94328e+06              0    7.94328e+06    4.12484e+25    9.99636e+23    7.82117e+23    6.05137e+23       0.153044
    3.16228e+10    7.94328e+06              0    7.94334e+06    4.38031e+27    9.99636e+23    7.82117e+23    6.05137e+23      0.0146067
          1e+11    7.94328e+06              0    7.94342e+06    4.41009e+29    9.99636e+23    7.82117e+23    6.05137e+23     0.00145368
    3.16228e+11    7.94328e+06              0    7.78337e+06    4.41311e+31    9.99636e+23    7.82117e+23    6.05137e+23    0.000142371
          1e+12    7.94328e+06              0   -8.51962e+06    4.41342e+33    9.99636e+23    7.82117e+23    6.05137e+23   -1.55831e-05
            100    1.77828e+07    1.77828e+07    1.77828e+07    1.93434e+24    3.82979e+24    2.29054e+24    1.93434e+24        2.31692
        316.228    1.77828e+07    1.77828e+07    1.77828e+07    1.93434e+24    3.82979e+24    2.29054e+24    1.93434e+24        2.31692
           1000    1.77828e+07    1.77828e+07    1.77828e+07    1.93434e+24    3.82979e+24    2.29054e+24    1.93434e+24        2.31692
        3162.28    1.77828e+07    1.77828e+07    1.77828e+07    1.93434e+24    3.82979e+24    2.29054e+24    1.93434e+24        2.31692
          10000    1.77828e+07    1.77828e+07    1.77828e+07    1.93434e+24    3.82979e+24    2.29054e+24    1.93434e+24        2.31692
        31622.8    1.77828e+07    1.77828e+07    1.77828e+07    1.93434e+24    3.82979e+24    2.29054e+24    1.93434e+24        2.31692
         100000    1.77828e+07    1.77828e+07    1.77828e+07    1.93434e+24    3.82979e+24    2.29054e+24    1.93434e+24        2.31692
         316228    1.77828e+07    1.77828e+07    1.77828e+07    1.93434e+24    3.82979e+24    2.29054e+24    1.93434e+24        2.31692
          1e+06    1.77828e+07    1.77828e+07    1.77828e+07    1.93434e+24    3.82979e+24    2.29054e+24    1.93434e+24        2.31692
    3.16228e+06    1.77828e+07    1.77828e+07    1.77828e+07    1.93434e+24    3.82979e+24    2.29054e+24    1.93434e+24        2.31692
          1e+07    1.77828e+07    1.77827e+07    1.77828e+07    1.93435e+24    3.82979e+24    2.29054e+24    1.93434e+24        2.31691
    3.16228e+07    1.77828e+07    1.77815e+07    1.77828e+07    1.93447e+24    3.82979e+24    2.29054e+24    1.93434e+24        2.31687
          1e+08    1.77828e+07    1.77701e+07    1.77828e+07    1.93563e+24    3.82979e+24    2.29054e+24    1.93434e+24        2.31647
    3.16228e+08    1.77828e+07    1.76557e+07    1.77828e+07    1.94721e+24    3.82979e+24    2.29054e+24    1.93434e+24        2.31242
          1e+09    1.77828e+07    1.65325e+07    1.77828e+07    2.05996e+24    3.82979e+24    2.29054e+24    1.93434e+24        2.27176
    3.16228e+09    1.77828e+07    7.54516e+06    1.77828e+07    2.97401e+24    3.82979e+24    2.29054e+24    1.93434e+24        1.86184
          1e+10    1.77828e+07              0    1.77828e+07    4.18454e+25    3.82979e+24    2.29054e+24    1.93434e+24       0.341432
    3.16228e+10    1.77828e+07              0    1.77828e+07    4.38036e+27    3.82979e+24    2.29054e+24    1.93434e+24         0.0327
          1e+11    1.77828e+07              0    1.77827e+07    4.41009e+29    3.82979e+24    2.29054e+24    1.93434e+24     0.00325433
    3.16228e+11    1.77828e+07              0    1.79369e+07    4.41311e+31    3.82979e+24    2.29054e+24    1.93434e+24    0.000328096
          1e+12    1.77828e+07              0    2.16609e+07    4.41342e+33    3.82979e+24    2.29054e+24    1.93434e+24    3.96195e-05
            100    3.98107e+07    3.98107e+07    3.98107e+07    6.02118e+24    1.46727e+25    6.70819e+24    6.02118e+24        2.91123
        316.228    3.98107e+07    3.98107e+07    3.98107e+07    6.02118e+24    1.46727e+25    6.70819e+24    6.02118e+24        2.91123
           1000    3.98107e+07    3.98107e+07    3.98107e+07    6.02118e+24    1.46727e+25    6.70819e+24    6.02118e+24        2.91123
        3162.28    3.98107e+07    3.98107e+07    3.98107e+07    6.02118e+24    1.46727e+25    6.70819e+24    6.02118e+24        2.91123
          10000    3.98107e+07    3.98107e+07    3.98107e+07    6.02118e+24    1.46727e+25    6.70819e+24    6.02118e+24        2.91123
        31622.8    3.98107e+07    3.98107e+07    3.98107e+07    6.02118e+24    1.46727e+25    6.70819e+24    6.02118e+24        2.91123
         100000    3.98107e+07    3.98107e+07    3.98107e+07    6.02118e+24    1.46727e+25    6.70819e+24    6.02118e+24        2.91123
         316228    3.98107e+07    3.98107e+07    3.98107e+07    6.02118e+24    1.46727e+25    6.70819e+24    6.02118e+24        2.91123
          1e+06    3.98107e+07    3.98107e+07    3.98107e+07    6.02118e+24    1.46727e+25    6.70819e+24    6.02118e+24        2.91123
    3.16228e+06    3.98107e+07    3.98107e+07    3.98107e+07    6.02119e+24    1.46727e+25    6.70819e+24    6.02118e+24        2.91123
          1e+07    3.98107e+07    3.98106e+07    3.98107e+07     6.0212e+24    1.46727e+25    6.70819e+24    6.02118e+24        2.91123
    3.16228e+07    3.98107e+07    3.98091e+07    3.98107e+07    6.02139e+24    1.46727e+25    6.70819e+24    6.02118e+24         2.9112
          1e+08    3.98107e+07    3.97948e+07    3.98107e+07    6.02318e+24    1.46727e+25    6.70819e+24    6.02118e+24        2.91089
    3.16228e+08    3.98107e+07    3.96514e+07    3.98107e+07    6.04115e+24    1.46727e+25    6.70819e+24    6.02118e+24         2.9078
          1e+09    3.98107e+07    3.82343e+07    3.98107e+07     6.2184e+24    1.46727e+25    6.70819e+24    6.02118e+24        2.87691
    3.16228e+09    3.98107e+07    2.57266e+07    3.98107e+07     7.7906e+24    1.46727e+25    6.70819e+24    6.02118e+24        2.56661
          1e+10    3.98107e+07              0    3.98107e+07    4.47495e+25    1.46727e+25    6.70819e+24    6.02118e+24         0.7518
    3.16228e+10    3.98107e+07              0    3.98106e+07    4.38065e+27    1.46727e+25    6.70819e+24    6.02118e+24      0.0732048
          1e+11    3.98107e+07              0    3.98091e+07    4.41009e+29    1.46727e+25    6.70819e+24    6.02118e+24     0.00728527
    3.16228e+11    3.98107e+07              0    3.93948e+07    4.41311e+31    1.46727e+25    6.70819e+24    6.02118e+24    0.000720597
          1e+12    3.98107e+07              0     4.1568e+07    4.41342e+33    1.46727e+25    6.70819e+24    6.02118e+24    7.60312e-05
            100    8.91251e+07    8.91251e+07    8.91251e+07    1.83651e+25    5.62137e+25    1.96459e+25    1.83651e+25        3.71385
        316.228    8.91251e+07    8.91251e+07    8.91251e+07    1.83651e+25    5.62137e+25    1.96459e+25    1.83651e+25        3.71385
           1000    8.91251e+07    8.91251e+07    8.91251e+07    1.83651e+25    5.62137e+25    1.96459e+25    1.83651e+25        3.71385
        3162.28    8.91251e+07    8.91251e+07    8.91251e+07    1.83651e+25    5.62137e+25    1.96459e+25    1.83651e+25        3.71385
          10000    8.91251e+07    8.91251e+07    8.91251e+07    1.83651e+25    5.62137e+25    1.96459e+25    1.83651e+25        3.71385
        31622.8    8.91251e+07    8.91251e+07    8.91251e+07    1.83651e+25    5.62137e+25    1.96459e+25    1.83651e+25        3.71385
         100000    8.91251e+07    8.91251e+07    8.91251e+07    1.83651e+25    5.62137e+25    1.96459e+25    1.83651e+25        3.71385
         316228    8.91251e+07    8.91251e+07    8.91251e+07    1.83651e+25    5.62137e+25    1.96459e+25    1.83651e+25        3.71385
          1e+06    8.91251e+07    8.91251e+07    8.91251e+07    1.83651e+25    5.62137e+25    1.96459e+25    1.83651e+25        3.71385
    3.16228e+06    8.91251e+07    8.91251e+07    8.91251e+07    1.83651e+25    5.62137e+25    1.96459e+25    1.83651e+25        3.71385
          1e+07    8.91251e+07    8.91249e+07    8.91251e+07    1.83651e+25    5.62137e+25    1.96459e+25    1.83651e+25        3.71384
    3.16228e+07    8.91251e+07    8.91231e+07    8.91251e+07    1.83654e+25    5.62137e+25    1.96459e+25    1.83651e+25        3.71382
          1e+08    8.91251e+07    8.91048e+07    8.91251e+07    1.83683e+25    5.62137e+25    1.96459e+25    1.83651e+25        3.71359
    3.16228e+08    8.91251e+07     8.8922e+07    8.91251e+07    1.83971e+25    5.62137e+25    1.96459e+25    1.83651e+25        3.71123
          1e+09    8.91251e+07    8.71074e+07    8.91251e+07    1.86828e+25    5.62137e+25    1.96459e+25    1.83651e+25        3.68766
    3.16228e+09    8.91251e+07    7.02292e+07    8.91251e+07    2.13539e+25    5.62137e+25    1.96459e+25    1.83651e+25        3.45162
          1e+10    8.91251e+07    3.48647e+06    8.91251e+07    5.76457e+25    5.62137e+25    1.96459e+25    1.83651e+25        1.57295
    3.16228e+10    8.91251e+07              0    8.91251e+07    4.38209e+27    5.62137e+25    1.96459e+25    1.83651e+25       0.163873
          1e+11    8.91251e+07              0     8.9122e+07    4.41009e+29    5.62137e+25    1.96459e+25    1.83651e+25      0.0163098
    3.16228e+11    8.91251e+07              0    8.91247e+07    4.41311e+31    5.62137e+25    1.96459e+25    1.83651e+25     0.00163024
          1e+12    8.91251e+07              0    9.27059e+07    4.41342e+33    5.62137e+25    1.96459e+25    1.83651e+25    0.000169567
            100    1.99526e+08    1.99526e+08    1.99526e+08    5.52087e+25    2.15365e+26    5.75358e+25    5.52087e+25         4.7846
        316.228    1.99526e+08    1.99526e+08    1.99526e+08    5.52087e+25    2.15365e+26    5.75358e+25    5.52087e+25         4.7846
           1000    1.99526e+08    1.99526e+08    1.99526e+08    5.52087e+25    2.15365e+26    5.75358e+25    5.52087e+25         4.7846
        3162.28    1.99526e+08    1.99526e+08    1.99526e+08    5.52087e+25    2.15365e+26    5.75358e+25    5.52087e+25         4.7846
          10000    1.99526e+08    1.99526e+08    1.99526e+08    5.52087e+25    2.15365e+26    5.75358e+25    5.52087e+25         4.7846
        31622.8    1.99526e+08    1.99526e+08    1.99526e+08    5.52087e+25    2.15365e+26    5.75358e+25    5.52087e+25         4.7846
         100000    1.99526e+08    1.99526e+08    1.99526e+08    5.52087e+25    2.15365e+26    5.75358e+25    5.52087e+25         4.7846
         316228    1.99526e+08    1.99526e+08    1.99526e+08    5.52087e+25    2.15365e+26    5.75358e+25    5.52087e+25         4.7846
          1e+06    1.99526e+08    1.99526e+08    1.99526e+08    5.52087e+25    2.15365e+26    5.75358e+25    5.52087e+25         4.7846
    3.16228e+06    1.99526e+08    1.99526e+08    1.99526e+08    5.52087e+25    2.15365e+26    5.75358e+25    5.52087e+25         4.7846
          1e+07    1.99526e+08    1.99526e+08    1.99526e+08    5.52088e+25    2.15365e+26    5.75358e+25    5.52087e+25         4.7846
    3.16228e+07    1.99526e+08    1.99524e+08    1.99526e+08    5.52092e+25    2.15365e+26    5.75358e+25    5.52087e+25        4.78458
          1e+08    1.99526e+08      1.995e+08    1.99526e+08     5.5214e+25    2.15365e+26    5.75358e+25    5.52087e+25         4.7844
    3.16228e+08    1.99526e+08    1.99265e+08    1.99526e+08    5.52612e+25    2.15365e+26    5.75358e+25    5.52087e+25         4.7826
          1e+09    1.99526e+08    1.96921e+08    1.99526e+08    5.57314e+25    2.15365e+26    5.75358e+25    5.52087e+25         4.7646
    3.16228e+09    1.99526e+08    1.74452e+08    1.99526e+08    6.02566e+25    2.15365e+26    5.75358e+25    5.52087e+25        4.58449
          1e+10    1.99526e+08    4.00939e+07    1.99526e+08    1.04169e+26    2.15365e+26    5.75358e+25    5.52087e+25        2.91731
    3.16228e+10    1.99526e+08              0    1.99526e+08    4.38931e+27    2.15365e+26    5.75358e+25    5.52087e+25       0.366724
          1e+11    1.99526e+08              0    1.99526e+08     4.4101e+29    2.15365e+26    5.75358e+25    5.52087e+25      0.0365142
    3.16228e+11    1.99526e+08              0    1.99519e+08    4.41311e+31    2.15365e+26    5.75358e+25    5.52087e+25     0.00364954
          1e+12    1.99526e+08              0    2.01259e+08    4.41342e+33    2.15365e+26    5.75358e+25    5.52087e+25    0.000368119
            100    4.46684e+08    4.46684e+08    4.46684e+08    1.64352e+26    8.25104e+26    1.68502e+26    1.64352e+26        6.20203
        316.228    4.46684e+08    4.46684e+08    4.46684e+08    1.64352e+26    8.25104e+26    1.68502e+26    1.64352e+26        6.20203
           1000    4.46684e+08    4.46684e+08    4.46684e+08    1.64352e+26    8.25104e+26    1.68502e+26    1.64352e+26        6.20203
        3162.28    4.46684e+08    4.46684e+08    4.46684e+08    1.64352e+26    8.25104e+26    1.68502e+26    1.64352e+26        6.20203
          10000    4.46684e+08    4.46684e+08    4.46684e+08    1.64352e+26    8.25104e+26    1.68502e+26    1.64352e+26        6.20203
        31622.8    4.46684e+08    4.46684e+08    4.46684e+08    1.64352e+26    8.25104e+26    1.68502e+26    1.64352e+26        6.20203
         100000    4.46684e+08    4.46684e+08    4.46684e+08    1.64352e+26    8.25104e+26    1.68502e+26    1.64352e+26        6.20203
         316228    4.46684e+08    4.46684e+08    4.46684e+08    1.64352e+26    8.25104e+26    1.68502e+26    1.64352e+26        6.20203
          1e+06    4.46684e+08    4.46684e+08    4.46684e+08    1.64352e+26    8.25104e+26    1.68502e+26    1.64352e+26        6.20203
    3.16228e+06    4.46684e+08    4.46684e+08    4.46684e+08    1.64352e+26    8.25104e+26    1.68502e+26    1.64352e+26        6.20203
          1e+07    4.46684e+08    4.46683e+08    4.46684e+08    1.64352e+26    8.25104e+26    1.68502e+26    1.64352e+26        6.20203
    3.16228e+07    4.46684e+08     4.4668e+08    4.46684e+08    1.64353e+26    8.25104e+26    1.68502e+26    1.64352e+26        6.20201
          1e+08    4.46684e+08     4.4665e+08    4.46684e+08    1.64361e+26    8.25104e+26    1.68502e+26    1.64352e+26        6.20187
    3.16228e+08    4.46684e+08    4.46345e+08    4.46684e+08     1.6444e+26    8.25104e+26    1.68502e+26    1.64352e+26         6.2005
          1e+09    4.46684e+08    4.43301e+08    4.46684e+08    1.65225e+26    8.25104e+26    1.68502e+26    1.64352e+26        6.18674
    3.16228e+09    4.46684e+08    4.13608e+08    4.46684e+08    1.72906e+26    8.25104e+26    1.68502e+26    1.64352e+26        6.04914
          1e+10    4.46684e+08    1.89388e+08    4.46684e+08    2.41391e+26    8.25104e+26    1.68502e+26    1.64352e+26        4.70578
    3.16228e+10    4.46684e+08              0    4.46684e+08    4.42535e+27    8.25104e+26    1.68502e+26    1.64352e+26       0.819419
          1e+11    4.46684e+08              0    4.46684e+08    4.41013e+29    8.25104e+26    1.68502e+26    1.64352e+26      0.0817451
    3.16228e+11    4.46684e+08              0    4.46674e+08    4.41311e+31    8.25104e+26    1.68502e+26    1.64352e+26     0.00817042
          1e+12    4.46684e+08              0    4.49218e+08    4.41342e+33    8.25104e+26    1.68502e+26    1.64352e+26    0.000821657
            100          1e+09          1e+09          1e+09    4.86181e+26    3.16113e+27    4.93482e+26    4.86181e+26         8.0694
        316.228          1e+09          1e+09          1e+09    4.86181e+26    3.16113e+27    4.93482e+26    4.86181e+26         8.0694
           1000          1e+09          1e+09          1e+09    4.86181e+26    3.16113e+27    4.93482e+26    4.86181e+26         8.0694
        3162.28          1e+09          1e+09          1e+09    4.86181e+26    3.16113e+27    4.93482e+26    4.86181e+26         8.0694
          10000          1e+09          1e+09          1e+09    4.86181e+26    3.16113e+27    4.93482e+26    4.86181e+26         8.0694
        31622.8          1e+09          1e+09          1e+09    4.86181e+26    3.16113e+27    4.93482e+26    4.86181e+26         8.0694
         100000          1e+09          1e+09          1e+09    4.86181e+26    3.16113e+27    4.93482e+26    4.86181e+26         8.0694
         316228          1e+09          1e+09          1e+09    4.86181e+26    3.16113e+27    4.93482e+26    4.86181e+26         8.0694
          1e+06          1e+09          1e+09          1e+09    4.86181e+26    3.16113e+27    4.93482e+26    4.86181e+26         8.0694
    3.16228e+06          1e+09          1e+09          1e+09    4.86181e+26    3.16113e+27    4.93482e+26    4.86181e+26         8.0694
          1e+07          1e+09    9.99999e+08          1e+09    4.86181e+26    3.16113e+27    4.93482e+26    4.86181e+26         8.0694
    3.16228e+07          1e+09    9.99996e+08          1e+09    4.86183e+26    3.16113e+27    4.93482e+26    4.86181e+26        8.06939
          1e+08          1e+09    9.99956e+08          1e+09    4.86196e+26    3.16113e+27    4.93482e+26    4.86181e+26        8.06928
    3.16228e+08          1e+09    9.99559e+08          1e+09    4.86329e+26    3.16113e+27    4.93482e+26    4.86181e+26        8.06823
          1e+09          1e+09    9.95595e+08          1e+09    4.87653e+26    3.16113e+27    4.93482e+26    4.86181e+26        8.05771
    3.16228e+09          1e+09     9.5652e+08          1e+09    5.00726e+26    3.16113e+27    4.93482e+26    4.86181e+26        7.95254
          1e+10          1e+09    6.22258e+08          1e+09    6.19317e+26    3.16113e+27    4.93482e+26    4.86181e+26        6.90878
    3.16228e+10          1e+09    6.80683e+06          1e+09    4.60299e+27    3.16113e+27    4.93482e+26    4.86181e+26        1.81736
          1e+11          1e+09              0          1e+09    4.41031e+29    3.16113e+27    4.93482e+26    4.86181e+26       0.183003
    3.16228e+11          1e+09              0    9.99999e+08    4.41311e+31    3.16113e+27    4.93482e+26    4.86181e+26      0.0182917
          1e+12          1e+09              0    9.99964e+08    4.41342e+33    3.16113e+27    4.93482e+26    4.86181e+26     0.00182902
