          1e+07            100            nan            100    4.30092e+16    6.81044e+15    2.29054e+17    6.80709e+15       0.997373
          1e+07        123.285            nan        123.285    5.34343e+16    9.65363e+15    3.02796e+17    9.64816e+15       0.997753
          1e+07        151.991            nan        151.991     6.6499e+16    1.36838e+16    4.00279e+17    1.36749e+16        0.99814
          1e+07        187.382            nan        187.382    8.29272e+16    1.93964e+16    5.29145e+17    1.93819e+16       0.998534
          1e+07        231.013            nan        231.013    1.03667e+17    2.74939e+16    6.99499e+17    2.74702e+16       0.998937
          1e+07        284.804            nan        284.804    1.29973e+17    3.89719e+16    9.24696e+17    3.89333e+16       0.999352
          1e+07        351.119            nan        351.119    1.63516e+17    5.52416e+16    1.22239e+18    5.51788e+16       0.999781
          1e+07        432.876        18.9493        432.876    2.06547e+17    7.83036e+16    1.61593e+18    7.82012e+16        1.00023
          1e+07         533.67        101.136         533.67    2.62126e+17    1.10993e+17    2.13617e+18    1.10826e+17         1.0007
          1e+07        657.933        226.174        657.933    3.34446e+17     1.5733e+17    2.82389e+18    1.57058e+17        1.00119
          1e+07        811.131        391.627        811.131    4.29308e+17    2.23011e+17    3.73301e+18    2.22569e+17        1.00171
          1e+07           1000            600           1000    5.54788e+17    3.16113e+17    4.93482e+18    3.15392e+17        1.00228
          1e+07        1232.85        856.722        1232.85    7.22207e+17    4.48082e+17    6.52355e+18    4.46907e+17        1.00289
          1e+07        1519.91        1169.88        1519.91    9.47512e+17    6.35144e+17    8.62375e+18    6.33231e+17        1.00355
          1e+07        1873.82        1550.45        1873.82    1.25325e+18    9.00301e+17    1.14001e+19    8.97185e+17        1.00429
          1e+07        2310.13        2012.76        2310.13    1.67139e+18    1.27615e+18    1.50702e+19    1.27108e+18         1.0051
          1e+07        2848.04        2575.13        2848.04    2.24728e+18    1.80891e+18     1.9922e+19    1.80065e+18          1.006
          1e+07        3511.19        3260.68        3511.19    3.04533e+18    2.56409e+18    2.63357e+19    2.55064e+18        1.00702
          1e+07        4328.76        4098.33        4328.76    4.15688e+18    3.63453e+18    3.48142e+19    3.61264e+18        1.00818
          1e+07         5336.7        5124.06         5336.7    5.71145e+18    5.15185e+18    4.60223e+19    5.11623e+18        1.00948
          1e+07        6579.33        6382.36        6579.33    7.89241e+18    7.30262e+18    6.08388e+19    7.24466e+18        1.01097
          1e+07        8111.31        7928.16        8111.31    1.09591e+19    1.03513e+19    8.04253e+19     1.0257e+19        1.01267
          1e+07          10000        9829.11          10000    1.52781e+19    1.46727e+19    1.06318e+20    1.45194e+19         1.0146
          1e+07        12328.5        12168.5        12328.5    2.13671e+19    2.07981e+19    1.40546e+20    2.05489e+19        1.01682
          1e+07        15199.1        15049.1        15199.1    2.99568e+19    2.94808e+19    1.85793e+20    2.90758e+19        1.01935
          1e+07        18738.2        18597.1        18738.2    4.20779e+19    4.17883e+19    2.45607e+20    4.11305e+19        1.02225
          1e+07        23101.3        22968.3        23101.3     5.9184e+19    5.92338e+19    3.24678e+20    5.81658e+19        1.02558
          1e+07        28480.4        28354.7        28480.4    8.33231e+19    8.39623e+19    4.29206e+20    8.22294e+19        1.02938
          1e+07        35111.9          34993        35111.9    1.17378e+20    1.19014e+20    5.67385e+20    1.16204e+20        1.03373
          1e+07        43287.6        43174.8        43287.6    1.65406e+20      1.687e+20    7.50049e+20    1.64146e+20         1.0387
          1e+07          53367        53259.7          53367    2.33107e+20    2.39128e+20    9.91521e+20    2.31754e+20        1.04439
          1e+07        65793.3          65691        65793.3     3.2848e+20    3.38957e+20    1.31073e+21    3.27028e+20         1.0509
          1e+07        81113.1        81015.2        81113.1    4.62742e+20    4.80463e+20    1.73271e+21    4.61184e+20        1.05832
          1e+07         100000        99906.1         100000    6.51594e+20    6.81044e+20    2.29054e+21    6.49922e+20        1.06679
          1e+07         123285         123194         123285    9.16982e+20    9.65363e+20    3.02796e+21    9.15188e+20        1.07645
          1e+07         151991         151904         151991    1.28953e+21    1.36838e+21    4.00279e+21     1.2876e+21        1.08744
          1e+07         187382         187297         187382    1.81187e+21    1.93964e+21    5.29145e+21     1.8098e+21        1.09995
          1e+07         231013         230930         231013    2.54329e+21    2.74939e+21    6.99499e+21    2.54107e+21        1.11415
          1e+07         284804         284723         284804    3.56598e+21    3.89719e+21    9.24696e+21     3.5636e+21        1.13026
          1e+07         351119         351040         351119    4.99368e+21    5.52416e+21    1.22239e+22    4.99112e+21         1.1485
          1e+07         432876         432798         432876    6.98336e+21    7.83036e+21    1.61593e+22    6.98061e+21        1.16912
          1e+07         533670         533592         533670    9.75112e+21    1.10993e+22    2.13617e+22    9.74816e+21        1.19239
          1e+07         657933         657856         657933    1.35937e+22     1.5733e+22    2.82389e+22    1.35905e+22        1.21859
          1e+07         811131         811053         811131    1.89172e+22    2.23011e+22    3.73301e+22    1.89138e+22        1.24804
          1e+07          1e+06         999922          1e+06    2.62765e+22    3.16113e+22    4.93482e+22    2.62728e+22        1.28106
          1e+07    1.23285e+06    1.23277e+06    1.23285e+06    3.64267e+22    4.48082e+22    6.52355e+22    3.64227e+22        1.31801
          1e+07    1.51991e+06    1.51983e+06    1.51991e+06    5.03937e+22    6.35144e+22    8.62375e+22    5.03894e+22        1.35924
          1e+07    1.87382e+06    1.87374e+06    1.87382e+06    6.95665e+22    9.00301e+22    1.14001e+23    6.95618e+22        1.40516
          1e+07    2.31013e+06    2.31005e+06    2.31013e+06    9.58217e+22    1.27615e+23    1.50702e+23    9.58166e+22        1.45616
          1e+07    2.84804e+06    2.84795e+06    2.84804e+06    1.31688e+23    1.80891e+23     1.9922e+23    1.31683e+23        1.51268
          1e+07    3.51119e+06     3.5111e+06    3.51119e+06    1.80567e+23    2.56409e+23    2.63357e+23    1.80561e+23        1.57516
          1e+07    4.32876e+06    4.32867e+06    4.32876e+06    2.47021e+23    3.63453e+23    3.48142e+23    2.47014e+23        1.64406
          1e+07     5.3367e+06     5.3366e+06     5.3367e+06    3.37162e+23    5.15185e+23    4.60223e+23    3.37154e+23        1.71987
          1e+07    6.57933e+06    6.57923e+06    6.57933e+06    4.59161e+23    7.30262e+23    6.08388e+23    4.59153e+23         1.8031
          1e+07    8.11131e+06     8.1112e+06    8.11131e+06    6.23928e+23    1.03513e+24    8.04253e+23    6.23919e+23        1.89429
          1e+07          1e+07    9.99989e+06          1e+07    8.46009e+23    1.46727e+24    1.06318e+24    8.45999e+23        1.99398
          1e+07    1.23285e+07    1.23284e+07    1.23285e+07    1.14477e+24    2.07981e+24    1.40546e+24    1.14476e+24        2.10276
          1e+07    1.51991e+07     1.5199e+07    1.51991e+07    1.54599e+24    2.94808e+24    1.85793e+24    1.54598e+24        2.22127
          1e+07    1.87382e+07     1.8738e+07    1.87382e+07    2.08392e+24    4.17883e+24    2.45607e+24     2.0839e+24        2.35014
          1e+07    2.31013e+07    2.31012e+07    2.31013e+07    2.80405e+24    5.92338e+24    3.24678e+24    2.80403e+24        2.49009
          1e+07    2.84804e+07    2.84802e+07    2.84804e+07    3.76677e+24    8.39623e+24    4.29206e+24    3.76675e+24        2.64185
          1e+07    3.51119e+07    3.51118e+07    3.51119e+07    5.05219e+24    1.19014e+25    5.67385e+24    5.05217e+24        2.80621
          1e+07    4.32876e+07    4.32874e+07    4.32876e+07    6.76653e+24      1.687e+25    7.50049e+24    6.76651e+24        2.98402
          1e+07     5.3367e+07    5.33668e+07     5.3367e+07    9.05059e+24    2.39128e+25    9.91521e+24    9.05057e+24        3.17618
          1e+07    6.57933e+07    6.57931e+07    6.57933e+07    1.20909e+25    3.38957e+25    1.31073e+25    1.20909e+25        3.38366
          1e+07    8.11131e+07    8.11129e+07    8.11131e+07    1.61345e+25    4.80463e+25    1.73271e+25    1.61345e+25        3.60749
          1e+07          1e+08    9.99998e+07          1e+08    2.15087e+25    6.81044e+25    2.29054e+25    2.15086e+25        3.84879
          1e+07    1.23285e+08    1.23284e+08    1.23285e+08    2.86464e+25    9.65363e+25    3.02796e+25    2.86464e+25        4.10875
          1e+07    1.51991e+08    1.51991e+08    1.51991e+08    3.81212e+25    1.36838e+26    4.00279e+25    3.81211e+25        4.38865
          1e+07    1.87382e+08    1.87381e+08    1.87382e+08    5.06916e+25    1.93964e+26    5.29145e+25    5.06915e+25        4.68986
          1e+07    2.31013e+08    2.31013e+08    2.31013e+08    6.73616e+25    2.74939e+26    6.99499e+25    6.73615e+25        5.01387
          1e+07    2.84804e+08    2.84803e+08    2.84804e+08    8.94596e+25    3.89719e+26    9.24696e+25    8.94595e+25        5.36227
          1e+07    3.51119e+08    3.51119e+08    3.51119e+08    1.18743e+26    5.52416e+26    1.22239e+26    1.18743e+26        5.73675
          1e+07    4.32876e+08    4.32876e+08    4.32876e+08    1.57535e+26    7.83036e+26    1.61593e+26    1.57535e+26        6.13914
          1e+07     5.3367e+08     5.3367e+08     5.3367e+08    2.08911e+26    1.10993e+27    2.13617e+26    2.08911e+26        6.57141
          1e+07    6.57933e+08    6.57933e+08    6.57933e+08    2.76937e+26     1.5733e+27    2.82389e+26    2.76937e+26        7.03568
          1e+07    8.11131e+08     8.1113e+08    8.11131e+08     3.6699e+26    2.23011e+27    3.73301e+26     3.6699e+26        7.53419
          1e+07          1e+09    9.99999e+08          1e+09    4.86181e+26    3.16113e+27    4.93482e+26    4.86181e+26         8.0694
          1e+07    1.23285e+09    1.23285e+09    1.23285e+09    6.43913e+26    4.48082e+27    6.52355e+26    6.43913e+26        8.64389
          1e+07    1.51991e+09    1.51991e+09    1.51991e+09     8.5262e+26    6.35144e+27    8.62375e+26     8.5262e+26        9.26048
          1e+07    1.87382e+09    1.87382e+09    1.87382e+09    1.12874e+27    9.00301e+27    1.14001e+27    1.12874e+27        9.92216
          1e+07    2.31013e+09    2.31013e+09    2.31013e+09    1.49402e+27    1.27615e+28    1.50702e+27    1.49402e+27        10.6322
          1e+07    2.84804e+09    2.84804e+09    2.84804e+09    1.97719e+27    1.80891e+28     1.9922e+27    1.97719e+27         11.394
          1e+07    3.51119e+09    3.51119e+09    3.51119e+09    2.61626e+27    2.56409e+28    2.63357e+27    2.61626e+27        12.2112
          1e+07    4.32876e+09    4.32876e+09    4.32876e+09    3.46146e+27    3.63453e+28    3.48142e+27    3.46146e+27         13.088
          1e+07     5.3367e+09     5.3367e+09     5.3367e+09    4.57922e+27    5.15185e+28    4.60223e+27    4.57922e+27        14.0285
          1e+07    6.57933e+09    6.57933e+09    6.57933e+09    6.05736e+27    7.30262e+28    6.08388e+27    6.05736e+27        15.0373
          1e+07    8.11131e+09    8.11131e+09    8.11131e+09    8.01198e+27    1.03513e+29    8.04253e+27    8.01198e+27        16.1194
          1e+07          1e+10          1e+10          1e+10    1.05966e+28    1.46727e+29    1.06318e+28    1.05966e+28        17.2799
          1e+07    1.23285e+10    1.23285e+10    1.23285e+10     1.4014e+28    2.07981e+29    1.40546e+28     1.4014e+28        18.5247
          1e+07    1.51991e+10    1.51991e+10    1.51991e+10    1.85326e+28    2.94808e+29    1.85793e+28    1.85326e+28        19.8596
          1e+07    1.87382e+10    1.87382e+10    1.87382e+10     2.4507e+28    4.17883e+29    2.45607e+28     2.4507e+28        21.2913
          1e+07    2.31013e+10    2.31013e+10    2.31013e+10     3.2406e+28    5.92338e+29    3.24678e+28     3.2406e+28        22.8267
          1e+07    2.84804e+10    2.84804e+10    2.84804e+10    4.28494e+28    8.39623e+29    4.29206e+28    4.28494e+28        24.4733
          1e+07    3.51119e+10    3.51119e+10    3.51119e+10    5.66566e+28    1.19014e+30    5.67385e+28    5.66566e+28         26.239
          1e+07    4.32876e+10    4.32876e+10    4.32876e+10    7.49107e+28      1.687e+30    7.50049e+28    7.49107e+28        28.1326
          1e+07     5.3367e+10     5.3367e+10     5.3367e+10    9.90437e+28    2.39128e+30    9.91521e+28    9.90437e+28        30.1632
          1e+07    6.57933e+10    6.57933e+10    6.57933e+10    1.30948e+29    3.38957e+30    1.31073e+29    1.30948e+29        32.3406
          1e+07    8.11131e+10    8.11131e+10    8.11131e+10    1.73128e+29    4.80463e+30    1.73271e+29    1.73128e+29        34.6757
          1e+07          1e+11          1e+11          1e+11    2.28889e+29    6.81044e+30    2.29054e+29    2.28889e+29        37.1796
