            100            100            100            100    6.80709e+15    6.81044e+15    2.29054e+17    6.80709e+15        1.00069
        177.828            100            100            100    6.80709e+15    6.81044e+15    2.29054e+17    6.80709e+15        1.00069
        316.228            100            100            100    6.80709e+15    6.81044e+15    2.29054e+17    6.80709e+15        1.00069
        562.341            100            100            100    6.80709e+15    6.81044e+15    2.29054e+17    6.80709e+15        1.00069
           1000            100            100            100    6.80709e+15    6.81044e+15    2.29054e+17    6.80709e+15        1.00069
        1778.28            100            100            100    6.80709e+15    6.81044e+15    2.29054e+17    6.80709e+15        1.00069
        3162.28            100        99.9999            100     6.8071e+15    6.81044e+15    2.29054e+17    6.80709e+15        1.00069
        5623.41            100        99.9998            100    6.80714e+15    6.81044e+15    2.29054e+17    6.80709e+15        1.00069
          10000            100        99.9993            100    6.80725e+15    6.81044e+15    2.29054e+17    6.80709e+15        1.00069
        17782.8            100        99.9977            100    6.80761e+15    6.81044e+15    2.29054e+17    6.80709e+15        1.00069
        31622.8            100        99.9926            100    6.80876e+15    6.81044e+15    2.29054e+17    6.80709e+15        1.00069
        56234.1            100        99.9767            100    6.81237e+15    6.81044e+15    2.29054e+17    6.80709e+15        1.00069
         100000            100        99.9262            100    6.82377e+15    6.81044e+15    2.29054e+17    6.80709e+15        1.00069
         177828            100        99.7662            100    6.85974e+15    6.81044e+15    2.29054e+17    6.80709e+15        1.00069
         316228            100        99.2565            100    6.97253e+15    6.81044e+15    2.29054e+17    6.80709e+15        1.00069
         562341            100        97.5992            100    7.31826e+15    6.81044e+15    2.29054e+17    6.80709e+15        1.00068
          1e+06            100        91.9152            100    8.29552e+15    6.81044e+15    2.29054e+17    6.80709e+15        1.00065
    1.77828e+06            100        72.7855            100    1.06702e+16    6.81044e+15    2.29054e+17    6.80709e+15        1.00056
    3.16228e+06            100        23.1113            100    1.56673e+16    6.81044e+15    2.29054e+17    6.80709e+15        1.00026
    5.62341e+06            100              0            100    2.52882e+16    6.81044e+15    2.29054e+17    6.80709e+15       0.999433
          1e+07            100              0            100    4.30092e+16    6.81044e+15    2.29054e+17    6.80709e+15       0.997373
            100        223.872        223.872        223.872    2.60701e+16    2.60921e+16    6.70819e+17    2.60701e+16        1.00118
        177.828        223.872        223.872        223.872    2.60701e+16    2.60921e+16    6.70819e+17    2.60701e+16        1.00118
        316.228        223.872        223.872        223.872    2.60701e+16    2.60921e+16    6.70819e+17    2.60701e+16        1.00118
        562.341        223.872        223.872        223.872    2.60701e+16    2.60921e+16    6.70819e+17    2.60701e+16        1.00118
           1000        223.872        223.872        223.872    2.60701e+16    2.60921e+16    6.70819e+17    2.60701e+16        1.00118
        1778.28        223.872        223.872        223.872    2.60701e+16    2.60921e+16    6.70819e+17    2.60701e+16        1.00118
        3162.28        223.872        223.872        223.872    2.60701e+16    2.60921e+16    6.70819e+17    2.60701e+16        1.00118
        5623.41        223.872        223.872        223.872    2.60702e+16    2.60921e+16    6.70819e+17    2.60701e+16        1.00118
          10000        223.872        223.872        223.872    2.60703e+16    2.60921e+16    6.70819e+17    2.60701e+16        1.00118
        17782.8        223.872         223.87        223.872    2.60708e+16    2.60921e+16    6.70819e+17    2.60701e+16        1.00118
        31622.8        223.872        223.866        223.872    2.60723e+16    2.60921e+16    6.70819e+17    2.60701e+16        1.00118
        56234.1        223.872        223.854        223.872     2.6077e+16    2.60921e+16    6.70819e+17    2.60701e+16        1.00118
         100000        223.872        223.816        223.872    2.60919e+16    2.60921e+16    6.70819e+17    2.60701e+16        1.00118
         177828        223.872        223.693        223.872    2.61391e+16    2.60921e+16    6.70819e+17    2.60701e+16        1.00118
         316228        223.872        223.306        223.872    2.62878e+16    2.60921e+16    6.70819e+17    2.60701e+16        1.00118
         562341        223.872         222.07        223.872     2.6754e+16    2.60921e+16    6.70819e+17    2.60701e+16        1.00117
          1e+06        223.872        218.042        223.872    2.81784e+16    2.60921e+16    6.70819e+17    2.60701e+16        1.00116
    1.77828e+06        223.872        204.186        223.872     3.2171e+16    2.60921e+16    6.70819e+17    2.60701e+16        1.00111
    3.16228e+06        223.872        157.952        223.872    4.17684e+16    2.60921e+16    6.70819e+17    2.60701e+16        1.00094
    5.62341e+06        223.872        41.8822        223.872    6.18091e+16    2.60921e+16    6.70819e+17    2.60701e+16        1.00039
          1e+07        223.872              0        223.872    1.00236e+17    2.60921e+16    6.70819e+17    2.60701e+16       0.998876
            100        501.187        501.187        501.187    9.98196e+16    9.99636e+16    1.96459e+18    9.98196e+16        1.00202
        177.828        501.187        501.187        501.187    9.98196e+16    9.99636e+16    1.96459e+18    9.98196e+16        1.00202
        316.228        501.187        501.187        501.187    9.98196e+16    9.99636e+16    1.96459e+18    9.98196e+16        1.00202
        562.341        501.187        501.187        501.187    9.98196e+16    9.99636e+16    1.96459e+18    9.98196e+16        1.00202
           1000        501.187        501.187        501.187    9.98196e+16    9.99636e+16    1.96459e+18    9.98196e+16        1.00202
        1778.28        501.187        501.187        501.187    9.98196e+16    9.99636e+16    1.96459e+18    9.98196e+16        1.00202
        3162.28        501.187        501.187        501.187    9.98196e+16    9.99636e+16    1.96459e+18    9.98196e+16        1.00202
        5623.41        501.187        501.187        501.187    9.98196e+16    9.99636e+16    1.96459e+18    9.98196e+16        1.00202
          10000        501.187        501.187        501.187    9.98198e+16    9.99636e+16    1.96459e+18    9.98196e+16        1.00202
        17782.8        501.187        501.186        501.187    9.98205e+16    9.99636e+16    1.96459e+18    9.98196e+16        1.00202
        31622.8        501.187        501.183        501.187    9.98224e+16    9.99636e+16    1.96459e+18    9.98196e+16        1.00202
        56234.1        501.187        501.174        501.187    9.98286e+16    9.99636e+16    1.96459e+18    9.98196e+16        1.00202
         100000        501.187        501.144        501.187    9.98481e+16    9.99636e+16    1.96459e+18    9.98196e+16        1.00202
         177828        501.187         501.05        501.187    9.99099e+16    9.99636e+16    1.96459e+18    9.98196e+16        1.00202
         316228        501.187        500.754        501.187    1.00105e+17    9.99636e+16    1.96459e+18    9.98196e+16        1.00202
         562341        501.187        499.813        501.187     1.0072e+17    9.99636e+16    1.96459e+18    9.98196e+16        1.00202
          1e+06        501.187        496.814        501.187    1.02646e+17    9.99636e+16    1.96459e+18    9.98196e+16        1.00201
    1.77828e+06        501.187        487.008        501.187    1.08513e+17    9.99636e+16    1.96459e+18    9.98196e+16        1.00198
    3.16228e+06        501.187        453.194        501.187    1.24812e+17    9.99636e+16    1.96459e+18    9.98196e+16        1.00189
    5.62341e+06        501.187        341.477        501.187    1.63573e+17    9.99636e+16    1.96459e+18    9.98196e+16        1.00156
          1e+07        501.187         71.638        501.187    2.43911e+17    9.99636e+16    1.96459e+18    9.98196e+16        1.00055
            100        1122.02        1122.02        1122.02    3.82036e+17    3.82979e+17    5.75358e+18    3.82036e+17        1.00346
        177.828        1122.02        1122.02        1122.02    3.82036e+17    3.82979e+17    5.75358e+18    3.82036e+17        1.00346
        316.228        1122.02        1122.02        1122.02    3.82036e+17    3.82979e+17    5.75358e+18    3.82036e+17        1.00346
        562.341        1122.02        1122.02        1122.02    3.82036e+17    3.82979e+17    5.75358e+18    3.82036e+17        1.00346
           1000        1122.02        1122.02        1122.02    3.82036e+17    3.82979e+17    5.75358e+18    3.82036e+17        1.00346
        1778.28        1122.02        1122.02        1122.02    3.82036e+17    3.82979e+17    5.75358e+18    3.82036e+17        1.00346
        3162.28        1122.02        1122.02        1122.02    3.82036e+17    3.82979e+17    5.75358e+18    3.82036e+17        1.00346
        5623.41        1122.02        1122.02        1122.02    3.82036e+17    3.82979e+17    5.75358e+18    3.82036e+17        1.00346
          10000        1122.02        1122.02        1122.02    3.82037e+17    3.82979e+17    5.75358e+18    3.82036e+17        1.00346
        17782.8        1122.02        1122.02        1122.02    3.82037e+17    3.82979e+17    5.75358e+18    3.82036e+17        1.00346
        31622.8        1122.02        1122.02        1122.02     3.8204e+17    3.82979e+17    5.75358e+18    3.82036e+17        1.00346
        56234.1        1122.02        1122.01        1122.02    3.82048e+17    3.82979e+17    5.75358e+18    3.82036e+17        1.00346
         100000        1122.02        1121.99        1122.02    3.82074e+17    3.82979e+17    5.75358e+18    3.82036e+17        1.00346
         177828        1122.02        1121.91        1122.02    3.82154e+17    3.82979e+17    5.75358e+18    3.82036e+17        1.00346
         316228        1122.02        1121.69        1122.02     3.8241e+17    3.82979e+17    5.75358e+18    3.82036e+17        1.00345
         562341        1122.02        1120.96        1122.02    3.83217e+17    3.82979e+17    5.75358e+18    3.82036e+17        1.00345
          1e+06        1122.02        1118.68        1122.02    3.85761e+17    3.82979e+17    5.75358e+18    3.82036e+17        1.00345
    1.77828e+06        1122.02        1111.38        1122.02    3.93719e+17    3.82979e+17    5.75358e+18    3.82036e+17        1.00343
    3.16228e+06        1122.02        1087.45        1122.02    4.17871e+17    3.82979e+17    5.75358e+18    3.82036e+17        1.00338
    5.62341e+06        1122.02        1004.78        1122.02    4.84355e+17    3.82979e+17    5.75358e+18    3.82036e+17        1.00321
          1e+07        1122.02         734.76        1122.02    6.40786e+17    3.82979e+17    5.75358e+18    3.82036e+17        1.00261
            100        2511.89        2511.89        2511.89     1.4611e+18    1.46727e+18    1.68502e+19     1.4611e+18        1.00591
        177.828        2511.89        2511.89        2511.89     1.4611e+18    1.46727e+18    1.68502e+19     1.4611e+18        1.00591
        316.228        2511.89        2511.89        2511.89     1.4611e+18    1.46727e+18    1.68502e+19     1.4611e+18        1.00591
        562.341        2511.89        2511.89        2511.89     1.4611e+18    1.46727e+18    1.68502e+19     1.4611e+18        1.00591
           1000        2511.89        2511.89        2511.89     1.4611e+18    1.46727e+18    1.68502e+19     1.4611e+18        1.00591
        1778.28        2511.89        2511.89        2511.89     1.4611e+18    1.46727e+18    1.68502e+19     1.4611e+18        1.00591
        3162.28        2511.89        2511.89        2511.89     1.4611e+18    1.46727e+18    1.68502e+19     1.4611e+18        1.00591
        5623.41        2511.89        2511.89        2511.89     1.4611e+18    1.46727e+18    1.68502e+19     1.4611e+18        1.00591
          10000        2511.89        2511.89        2511.89     1.4611e+18    1.46727e+18    1.68502e+19     1.4611e+18        1.00591
        17782.8        2511.89        2511.89        2511.89     1.4611e+18    1.46727e+18    1.68502e+19     1.4611e+18        1.00591
        31622.8        2511.89        2511.88        2511.89     1.4611e+18    1.46727e+18    1.68502e+19     1.4611e+18        1.00591
        56234.1        2511.89        2511.88        2511.89    1.46112e+18    1.46727e+18    1.68502e+19     1.4611e+18        1.00591
         100000        2511.89        2511.86        2511.89    1.46115e+18    1.46727e+18    1.68502e+19     1.4611e+18        1.00591
         177828        2511.89        2511.81        2511.89    1.46125e+18    1.46727e+18    1.68502e+19     1.4611e+18        1.00591
         316228        2511.89        2511.63        2511.89    1.46159e+18    1.46727e+18    1.68502e+19     1.4611e+18        1.00591
         562341        2511.89        2511.07        2511.89    1.46265e+18    1.46727e+18    1.68502e+19     1.4611e+18        1.00591
          1e+06        2511.89        2509.31        2511.89    1.46598e+18    1.46727e+18    1.68502e+19     1.4611e+18         1.0059
    1.77828e+06        2511.89        2503.73        2511.89     1.4765e+18    1.46727e+18    1.68502e+19     1.4611e+18        1.00589
    3.16228e+06        2511.89        2485.89        2511.89    1.50938e+18    1.46727e+18    1.68502e+19     1.4611e+18        1.00587
    5.62341e+06        2511.89        2427.26        2511.89    1.60876e+18    1.46727e+18    1.68502e+19     1.4611e+18        1.00577
          1e+07        2511.89        2224.53        2511.89    1.87971e+18    1.46727e+18    1.68502e+19     1.4611e+18        1.00545
            100        5623.41        5623.41        5623.41    5.58114e+18    5.62137e+18    4.93482e+19    5.58114e+18        1.01009
        177.828        5623.41        5623.41        5623.41    5.58114e+18    5.62137e+18    4.93482e+19    5.58114e+18        1.01009
        316.228        5623.41        5623.41        5623.41    5.58114e+18    5.62137e+18    4.93482e+19    5.58114e+18        1.01009
        562.341        5623.41        5623.41        5623.41    5.58114e+18    5.62137e+18    4.93482e+19    5.58114e+18        1.01009
           1000        5623.41        5623.41        5623.41    5.58114e+18    5.62137e+18    4.93482e+19    5.58114e+18        1.01009
        1778.28        5623.41        5623.41        5623.41    5.58114e+18    5.62137e+18    4.93482e+19    5.58114e+18        1.01009
        3162.28        5623.41        5623.41        5623.41    5.58114e+18    5.62137e+18    4.93482e+19    5.58114e+18        1.01009
        5623.41        5623.41        5623.41        5623.41    5.58114e+18    5.62137e+18    4.93482e+19    5.58114e+18        1.01009
          10000        5623.41        5623.41        5623.41    5.58114e+18    5.62137e+18    4.93482e+19    5.58114e+18        1.01009
        17782.8        5623.41        5623.41        5623.41    5.58114e+18    5.62137e+18    4.93482e+19    5.58114e+18        1.01009
        31622.8        5623.41        5623.41        5623.41    5.58115e+18    5.62137e+18    4.93482e+19    5.58114e+18        1.01009
        56234.1        5623.41        5623.41        5623.41    5.58116e+18    5.62137e+18    4.93482e+19    5.58114e+18        1.01009
         100000        5623.41        5623.39        5623.41     5.5812e+18    5.62137e+18    4.93482e+19    5.58114e+18        1.01009
         177828        5623.41        5623.35        5623.41    5.58134e+18    5.62137e+18    4.93482e+19    5.58114e+18        1.01009
         316228        5623.41        5623.21        5623.41    5.58178e+18    5.62137e+18    4.93482e+19    5.58114e+18        1.01009
         562341        5623.41        5622.78        5623.41    5.58316e+18    5.62137e+18    4.93482e+19    5.58114e+18        1.01009
          1e+06        5623.41        5621.41        5623.41    5.58753e+18    5.62137e+18    4.93482e+19    5.58114e+18        1.01008
    1.77828e+06        5623.41        5617.09        5623.41    5.60134e+18    5.62137e+18    4.93482e+19    5.58114e+18        1.01008
    3.16228e+06        5623.41        5603.37        5623.41    5.64484e+18    5.62137e+18    4.93482e+19    5.58114e+18        1.01006
    5.62341e+06        5623.41         5559.5        5623.41    5.78064e+18    5.62137e+18    4.93482e+19    5.58114e+18        1.01001
          1e+07        5623.41        5414.88        5623.41    6.18933e+18    5.62137e+18    4.93482e+19    5.58114e+18        1.00984
            100        12589.3        12589.3        12589.3    2.12749e+19    2.15365e+19    1.44523e+20    2.12749e+19         1.0172
        177.828        12589.3        12589.3        12589.3    2.12749e+19    2.15365e+19    1.44523e+20    2.12749e+19         1.0172
        316.228        12589.3        12589.3        12589.3    2.12749e+19    2.15365e+19    1.44523e+20    2.12749e+19         1.0172
        562.341        12589.3        12589.3        12589.3    2.12749e+19    2.15365e+19    1.44523e+20    2.12749e+19         1.0172
           1000        12589.3        12589.3        12589.3    2.12749e+19    2.15365e+19    1.44523e+20    2.12749e+19         1.0172
        1778.28        12589.3        12589.3        12589.3    2.12749e+19    2.15365e+19    1.44523e+20    2.12749e+19         1.0172
        3162.28        12589.3        12589.3        12589.3    2.12749e+19    2.15365e+19    1.44523e+20    2.12749e+19         1.0172
        5623.41        12589.3        12589.3        12589.3    2.12749e+19    2.15365e+19    1.44523e+20    2.12749e+19         1.0172
          10000        12589.3        12589.3        12589.3    2.12749e+19    2.15365e+19    1.44523e+20    2.12749e+19         1.0172
        17782.8        12589.3        12589.3        12589.3    2.12749e+19    2.15365e+19    1.44523e+20    2.12749e+19         1.0172
        31622.8        12589.3        12589.3        12589.3    2.12749e+19    2.15365e+19    1.44523e+20    2.12749e+19         1.0172
        56234.1        12589.3        12589.2        12589.3    2.12749e+19    2.15365e+19    1.44523e+20    2.12749e+19         1.0172
         100000        12589.3        12589.2        12589.3     2.1275e+19    2.15365e+19    1.44523e+20    2.12749e+19         1.0172
         177828        12589.3        12589.2        12589.3    2.12752e+19    2.15365e+19    1.44523e+20    2.12749e+19         1.0172
         316228        12589.3        12589.1        12589.3    2.12758e+19    2.15365e+19    1.44523e+20    2.12749e+19         1.0172
         562341        12589.3        12588.8        12589.3    2.12776e+19    2.15365e+19    1.44523e+20    2.12749e+19         1.0172
          1e+06        12589.3        12587.7        12589.3    2.12833e+19    2.15365e+19    1.44523e+20    2.12749e+19         1.0172
    1.77828e+06        12589.3        12584.3        12589.3    2.13014e+19    2.15365e+19    1.44523e+20    2.12749e+19         1.0172
    3.16228e+06        12589.3        12573.5        12589.3    2.13585e+19    2.15365e+19    1.44523e+20    2.12749e+19        1.01719
    5.62341e+06        12589.3        12539.4        12589.3    2.15384e+19    2.15365e+19    1.44523e+20    2.12749e+19        1.01716
          1e+07        12589.3        12430.4        12589.3    2.20992e+19    2.15365e+19    1.44523e+20    2.12749e+19        1.01706
            100        28183.8        28183.8        28183.8    8.08189e+19    8.25104e+19    4.23258e+20    8.08189e+19        1.02926
        177.828        28183.8        28183.8        28183.8    8.08189e+19    8.25104e+19    4.23258e+20    8.08189e+19        1.02926
        316.228        28183.8        28183.8        28183.8    8.08189e+19    8.25104e+19    4.23258e+20    8.08189e+19        1.02926
        562.341        28183.8        28183.8        28183.8    8.08189e+19    8.25104e+19    4.23258e+20    8.08189e+19        1.02926
           1000        28183.8        28183.8        28183.8    8.08189e+19    8.25104e+19    4.23258e+20    8.08189e+19        1.02926
        1778.28        28183.8        28183.8        28183.8    8.08189e+19    8.25104e+19    4.23258e+20    8.08189e+19        1.02926
        3162.28        28183.8        28183.8        28183.8    8.08189e+19    8.25104e+19    4.23258e+20    8.08189e+19        1.02926
        5623.41        28183.8        28183.8        28183.8    8.08189e+19    8.25104e+19    4.23258e+20    8.08189e+19        1.02926
          10000        28183.8        28183.8        28183.8    8.08189e+19    8.25104e+19    4.23258e+20    8.08189e+19        1.02926
        17782.8        28183.8        28183.8        28183.8    8.08189e+19    8.25104e+19    4.23258e+20    8.08189e+19        1.02926
        31622.8        28183.8        28183.8        28183.8    8.08189e+19    8.25104e+19    4.23258e+20    8.08189e+19        1.02926
        56234.1        28183.8        28183.8        28183.8    8.08189e+19    8.25104e+19    4.23258e+20    8.08189e+19        1.02926
         100000        28183.8        28183.8        28183.8     8.0819e+19    8.25104e+19    4.23258e+20    8.08189e+19        1.02926
         177828        28183.8        28183.8        28183.8    8.08193e+19    8.25104e+19    4.23258e+20    8.08189e+19        1.02926
         316228        28183.8        28183.7        28183.8      8.082e+19    8.25104e+19    4.23258e+20    8.08189e+19        1.02926
         562341        28183.8        28183.4        28183.8    8.08224e+19    8.25104e+19    4.23258e+20    8.08189e+19        1.02926
          1e+06        28183.8        28182.6        28183.8    8.08299e+19    8.25104e+19    4.23258e+20    8.08189e+19        1.02926
    1.77828e+06        28183.8        28179.9        28183.8    8.08535e+19    8.25104e+19    4.23258e+20    8.08189e+19        1.02926
    3.16228e+06        28183.8        28171.3        28183.8    8.09284e+19    8.25104e+19    4.23258e+20    8.08189e+19        1.02925
    5.62341e+06        28183.8        28144.1        28183.8    8.11647e+19    8.25104e+19    4.23258e+20    8.08189e+19        1.02923
          1e+07        28183.8        28057.9        28183.8    8.19087e+19    8.25104e+19    4.23258e+20    8.08189e+19        1.02918
            100        63095.7        63095.7        63095.7    3.05277e+20    3.16113e+20    1.23957e+21    3.05277e+20        1.04958
        177.828        63095.7        63095.7        63095.7    3.05277e+20    3.16113e+20    1.23957e+21    3.05277e+20        1.04958
        316.228        63095.7        63095.7        63095.7    3.05277e+20    3.16113e+20    1.23957e+21    3.05277e+20        1.04958
        562.341        63095.7        63095.7        63095.7    3.05277e+20    3.16113e+20    1.23957e+21    3.05277e+20        1.04958
           1000        63095.7        63095.7        63095.7    3.05277e+20    3.16113e+20    1.23957e+21    3.05277e+20        1.04958
        1778.28        63095.7        63095.7        63095.7    3.05277e+20    3.16113e+20    1.23957e+21    3.05277e+20        1.04958
        3162.28        63095.7        63095.7        63095.7    3.05277e+20    3.16113e+20    1.23957e+21    3.05277e+20        1.04958
        5623.41        63095.7        63095.7        63095.7    3.05277e+20    3.16113e+20    1.23957e+21    3.05277e+20        1.04958
          10000        63095.7        63095.7        63095.7    3.05277e+20    3.16113e+20    1.23957e+21    3.05277e+20        1.04958
        17782.8        63095.7        63095.7        63095.7    3.05277e+20    3.16113e+20    1.23957e+21    3.05277e+20        1.04958
        31622.8        63095.7        63095.7        63095.7    3.05277e+20    3.16113e+20    1.23957e+21    3.05277e+20        1.04958
        56234.1        63095.7        63095.7        63095.7    3.05277e+20    3.16113e+20    1.23957e+21    3.05277e+20        1.04958
         100000        63095.7        63095.7        63095.7    3.05277e+20    3.16113e+20    1.23957e+21    3.05277e+20        1.04958
         177828        63095.7        63095.7        63095.7    3.05277e+20    3.16113e+20    1.23957e+21    3.05277e+20        1.04958
         316228        63095.7        63095.6        63095.7    3.05278e+20    3.16113e+20    1.23957e+21    3.05277e+20        1.04958
         562341        63095.7        63095.4        63095.7    3.05281e+20    3.16113e+20    1.23957e+21    3.05277e+20        1.04958
          1e+06        63095.7        63094.7        63095.7    3.05291e+20    3.16113e+20    1.23957e+21    3.05277e+20        1.04958
    1.77828e+06        63095.7        63092.5        63095.7    3.05322e+20    3.16113e+20    1.23957e+21    3.05277e+20        1.04958
    3.16228e+06        63095.7        63085.4        63095.7     3.0542e+20    3.16113e+20    1.23957e+21    3.05277e+20        1.04957
    5.62341e+06        63095.7        63063.1        63095.7     3.0573e+20    3.16113e+20    1.23957e+21    3.05277e+20        1.04956
          1e+07        63095.7        62992.4        63095.7    3.06708e+20    3.16113e+20    1.23957e+21    3.05277e+20        1.04953
            100         141254         141254         141254     1.1427e+21    1.21109e+21    3.63027e+21     1.1427e+21        1.08347
        177.828         141254         141254         141254     1.1427e+21    1.21109e+21    3.63027e+21     1.1427e+21        1.08347
        316.228         141254         141254         141254     1.1427e+21    1.21109e+21    3.63027e+21     1.1427e+21        1.08347
        562.341         141254         141254         141254     1.1427e+21    1.21109e+21    3.63027e+21     1.1427e+21        1.08347
           1000         141254         141254         141254     1.1427e+21    1.21109e+21    3.63027e+21     1.1427e+21        1.08347
        1778.28         141254         141254         141254     1.1427e+21    1.21109e+21    3.63027e+21     1.1427e+21        1.08347
        3162.28         141254         141254         141254     1.1427e+21    1.21109e+21    3.63027e+21     1.1427e+21        1.08347
        5623.41         141254         141254         141254     1.1427e+21    1.21109e+21    3.63027e+21     1.1427e+21        1.08347
          10000         141254         141254         141254     1.1427e+21    1.21109e+21    3.63027e+21     1.1427e+21        1.08347
        17782.8         141254         141254         141254     1.1427e+21    1.21109e+21    3.63027e+21     1.1427e+21        1.08347
        31622.8         141254         141254         141254     1.1427e+21    1.21109e+21    3.63027e+21     1.1427e+21        1.08347
        56234.1         141254         141254         141254     1.1427e+21    1.21109e+21    3.63027e+21     1.1427e+21        1.08347
         100000         141254         141254         141254     1.1427e+21    1.21109e+21    3.63027e+21     1.1427e+21        1.08347
         177828         141254         141254         141254     1.1427e+21    1.21109e+21    3.63027e+21     1.1427e+21        1.08347
         316228         141254         141254         141254     1.1427e+21    1.21109e+21    3.63027e+21     1.1427e+21        1.08347
         562341         141254         141253         141254     1.1427e+21    1.21109e+21    3.63027e+21     1.1427e+21        1.08347
          1e+06         141254         141253         141254    1.14272e+21    1.21109e+21    3.63027e+21     1.1427e+21        1.08347
    1.77828e+06         141254         141251         141254    1.14276e+21    1.21109e+21    3.63027e+21     1.1427e+21        1.08346
    3.16228e+06         141254         141245         141254    1.14289e+21    1.21109e+21    3.63027e+21     1.1427e+21        1.08346
    5.62341e+06         141254         141226         141254    1.14329e+21    1.21109e+21    3.63027e+21     1.1427e+21        1.08346
          1e+07         141254         141165         141254    1.14458e+21    1.21109e+21    3.63027e+21     1.1427e+21        1.08343
            100         316228         316228         316228     4.2181e+21     4.6399e+21    1.06318e+22     4.2181e+21        1.13912
        177.828         316228         316228         316228     4.2181e+21     4.6399e+21    1.06318e+22     4.2181e+21        1.13912
        316.228         316228         316228         316228     4.2181e+21     4.6399e+21    1.06318e+22     4.2181e+21        1.13912
        562.341         316228         316228         316228     4.2181e+21     4.6399e+21    1.06318e+22     4.2181e+21        1.13912
           1000         316228         316228         316228     4.2181e+21     4.6399e+21    1.06318e+22     4.2181e+21        1.13912
        1778.28         316228         316228         316228     4.2181e+21     4.6399e+21    1.06318e+22     4.2181e+21        1.13912
        3162.28         316228         316228         316228     4.2181e+21     4.6399e+21    1.06318e+22     4.2181e+21        1.13912
        5623.41         316228         316228         316228     4.2181e+21     4.6399e+21    1.06318e+22     4.2181e+21        1.13912
          10000         316228         316228         316228     4.2181e+21     4.6399e+21    1.06318e+22     4.2181e+21        1.13912
        17782.8         316228         316228         316228     4.2181e+21     4.6399e+21    1.06318e+22     4.2181e+21        1.13912
        31622.8         316228         316228         316228     4.2181e+21     4.6399e+21    1.06318e+22     4.2181e+21        1.13912
        56234.1         316228         316228         316228     4.2181e+21     4.6399e+21    1.06318e+22     4.2181e+21        1.13912
         100000         316228         316228         316228     4.2181e+21     4.6399e+21    1.06318e+22     4.2181e+21        1.13912
         177828         316228         316228         316228     4.2181e+21     4.6399e+21    1.06318e+22     4.2181e+21        1.13912
         316228         316228         316228         316228     4.2181e+21     4.6399e+21    1.06318e+22     4.2181e+21        1.13912
         562341         316228         316228         316228    4.21811e+21     4.6399e+21    1.06318e+22     4.2181e+21        1.13912
          1e+06         316228         316227         316228    4.21813e+21     4.6399e+21    1.06318e+22     4.2181e+21        1.13912
    1.77828e+06         316228         316225         316228    4.21818e+21     4.6399e+21    1.06318e+22     4.2181e+21        1.13912
    3.16228e+06         316228         316220         316228    4.21835e+21     4.6399e+21    1.06318e+22     4.2181e+21        1.13912
    5.62341e+06         316228         316202         316228    4.21888e+21     4.6399e+21    1.06318e+22     4.2181e+21        1.13911
          1e+07         316228         316148         316228    4.22057e+21     4.6399e+21    1.06318e+22     4.2181e+21         1.1391
            100         707946         707946         707946    1.52603e+22    1.77763e+22    3.11366e+22    1.52603e+22        1.22853
        177.828         707946         707946         707946    1.52603e+22    1.77763e+22    3.11366e+22    1.52603e+22        1.22853
        316.228         707946         707946         707946    1.52603e+22    1.77763e+22    3.11366e+22    1.52603e+22        1.22853
        562.341         707946         707946         707946    1.52603e+22    1.77763e+22    3.11366e+22    1.52603e+22        1.22853
           1000         707946         707946         707946    1.52603e+22    1.77763e+22    3.11366e+22    1.52603e+22        1.22853
        1778.28         707946         707946         707946    1.52603e+22    1.77763e+22    3.11366e+22    1.52603e+22        1.22853
        3162.28         707946         707946         707946    1.52604e+22    1.77763e+22    3.11366e+22    1.52603e+22        1.22853
        5623.41         707946         707946         707946    1.52603e+22    1.77763e+22    3.11366e+22    1.52603e+22        1.22853
          10000         707946         707946         707946    1.52603e+22    1.77763e+22    3.11366e+22    1.52603e+22        1.22853
        17782.8         707946         707946         707946    1.52603e+22    1.77763e+22    3.11366e+22    1.52603e+22        1.22853
        31622.8         707946         707946         707946    1.52603e+22    1.77763e+22    3.11366e+22    1.52603e+22        1.22853
        56234.1         707946         707946         707946    1.52603e+22    1.77763e+22    3.11366e+22    1.52603e+22        1.22853
         100000         707946         707946         707946    1.52604e+22    1.77763e+22    3.11366e+22    1.52603e+22        1.22853
         177828         707946         707946         707946    1.52603e+22    1.77763e+22    3.11366e+22    1.52603e+22        1.22853
         316228         707946         707946         707946    1.52603e+22    1.77763e+22    3.11366e+22    1.52603e+22        1.22853
         562341         707946         707946         707946    1.52604e+22    1.77763e+22    3.11366e+22    1.52603e+22        1.22853
          1e+06         707946         707945         707946    1.52604e+22    1.77763e+22    3.11366e+22    1.52603e+22        1.22853
    1.77828e+06         707946         707943         707946    1.52605e+22    1.77763e+22    3.11366e+22    1.52603e+22        1.22853
    3.16228e+06         707946         707938         707946    1.52607e+22    1.77763e+22    3.11366e+22    1.52603e+22        1.22853
    5.62341e+06         707946         707921         707946    1.52614e+22    1.77763e+22    3.11366e+22    1.52603e+22        1.22852
          1e+07         707946         707868         707946    1.52636e+22    1.77763e+22    3.11366e+22    1.52603e+22        1.22851
            100    1.58489e+06    1.58489e+06    1.58489e+06    5.37553e+22    6.81044e+22    9.11881e+22    5.37553e+22        1.36805
        177.828    1.58489e+06    1.58489e+06    1.58489e+06    5.37553e+22    6.81044e+22    9.11881e+22    5.37553e+22        1.36805
        316.228    1.58489e+06    1.58489e+06    1.58489e+06    5.37553e+22    6.81044e+22    9.11881e+22    5.37553e+22        1.36805
        562.341    1.58489e+06    1.58489e+06    1.58489e+06    5.37553e+22    6.81044e+22    9.11881e+22    5.37553e+22        1.36805
           1000    1.58489e+06    1.58489e+06    1.58489e+06    5.37553e+22    6.81044e+22    9.11881e+22    5.37553e+22        1.36805
        1778.28    1.58489e+06    1.58489e+06    1.58489e+06    5.37553e+22    6.81044e+22    9.11881e+22    5.37553e+22        1.36805
        3162.28    1.58489e+06    1.58489e+06    1.58489e+06    5.37553e+22    6.81044e+22    9.11881e+22    5.37553e+22        1.36805
        5623.41    1.58489e+06    1.58489e+06    1.58489e+06    5.37553e+22    6.81044e+22    9.11881e+22    5.37553e+22        1.36805
          10000    1.58489e+06    1.58489e+06    1.58489e+06    5.37553e+22    6.81044e+22    9.11881e+22    5.37553e+22        1.36805
        17782.8    1.58489e+06    1.58489e+06    1.58489e+06    5.37553e+22    6.81044e+22    9.11881e+22    5.37553e+22        1.36805
        31622.8    1.58489e+06    1.58489e+06    1.58489e+06    5.37553e+22    6.81044e+22    9.11881e+22    5.37553e+22        1.36805
        56234.1    1.58489e+06    1.58489e+06    1.58489e+06    5.37553e+22    6.81044e+22    9.11881e+22    5.37553e+22        1.36805
         100000    1.58489e+06    1.58489e+06    1.58489e+06    5.37553e+22    6.81044e+22    9.11881e+22    5.37553e+22        1.36805
         177828    1.58489e+06    1.58489e+06    1.58489e+06    5.37553e+22    6.81044e+22    9.11881e+22    5.37553e+22        1.36805
         316228    1.58489e+06    1.58489e+06    1.58489e+06    5.37553e+22    6.81044e+22    9.11881e+22    5.37553e+22        1.36805
         562341    1.58489e+06    1.58489e+06    1.58489e+06    5.37553e+22    6.81044e+22    9.11881e+22    5.37553e+22        1.36805
          1e+06    1.58489e+06    1.58489e+06    1.58489e+06    5.37553e+22    6.81044e+22    9.11881e+22    5.37553e+22        1.36805
    1.77828e+06    1.58489e+06    1.58489e+06    1.58489e+06    5.37554e+22    6.81044e+22    9.11881e+22    5.37553e+22        1.36805
    3.16228e+06    1.58489e+06    1.58489e+06    1.58489e+06    5.37557e+22    6.81044e+22    9.11881e+22    5.37553e+22        1.36805
    5.62341e+06    1.58489e+06    1.58487e+06    1.58489e+06    5.37567e+22    6.81044e+22    9.11881e+22    5.37553e+22        1.36804
          1e+07    1.58489e+06    1.58481e+06    1.58489e+06    5.37597e+22    6.81044e+22    9.11881e+22    5.37553e+22        1.36804
            100    3.54813e+06    3.54813e+06    3.54813e+06    1.83422e+23    2.60921e+23    2.67058e+23    1.83422e+23        1.57845
        177.828    3.54813e+06    3.54813e+06    3.54813e+06    1.83422e+23    2.60921e+23    2.67058e+23    1.83422e+23        1.57845
        316.228    3.54813e+06    3.54813e+06    3.54813e+06    1.83422e+23    2.60921e+23    2.67058e+23    1.83422e+23        1.57845
        562.341    3.54813e+06    3.54813e+06    3.54813e+06    1.83422e+23    2.60921e+23    2.67058e+23    1.83422e+23        1.57845
           1000    3.54813e+06    3.54813e+06    3.54813e+06    1.83422e+23    2.60921e+23    2.67058e+23    1.83422e+23        1.57845
        1778.28    3.54813e+06    3.54813e+06    3.54813e+06    1.83422e+23    2.60921e+23    2.67058e+23    1.83422e+23        1.57845
        3162.28    3.54813e+06    3.54813e+06    3.54813e+06    1.83422e+23    2.60921e+23    2.67058e+23    1.83422e+23        1.57845
        5623.41    3.54813e+06    3.54813e+06    3.54813e+06    1.83422e+23    2.60921e+23    2.67058e+23    1.83422e+23        1.57845
          10000    3.54813e+06    3.54813e+06    3.54813e+06    1.83422e+23    2.60921e+23    2.67058e+23    1.83422e+23        1.57845
        17782.8    3.54813e+06    3.54813e+06    3.54813e+06    1.83422e+23    2.60921e+23    2.67058e+23    1.83422e+23        1.57845
        31622.8    3.54813e+06    3.54813e+06    3.54813e+06    1.83422e+23    2.60921e+23    2.67058e+23    1.83422e+23        1.57845
        56234.1    3.54813e+06    3.54813e+06    3.54813e+06    1.83422e+23    2.60921e+23    2.67058e+23    1.83422e+23        1.57845
         100000    3.54813e+06    3.54813e+06    3.54813e+06    1.83422e+23    2.60921e+23    2.67058e+23    1.83422e+23        1.57845
         177828    3.54813e+06    3.54813e+06    3.54813e+06    1.83422e+23    2.60921e+23    2.67058e+23    1.83422e+23        1.57845
         316228    3.54813e+06    3.54813e+06    3.54813e+06    1.83422e+23    2.60921e+23    2.67058e+23    1.83422e+23        1.57845
         562341    3.54813e+06    3.54813e+06    3.54813e+06    1.83422e+23    2.60921e+23    2.67058e+23    1.83422e+23        1.57845
          1e+06    3.54813e+06    3.54813e+06    3.54813e+06    1.83422e+23    2.60921e+23    2.67058e+23    1.83422e+23        1.57845
    1.77828e+06    3.54813e+06    3.54813e+06    3.54813e+06    1.83423e+23    2.60921e+23    2.67058e+23    1.83422e+23        1.57845
    3.16228e+06    3.54813e+06    3.54812e+06    3.54813e+06    1.83423e+23    2.60921e+23    2.67058e+23    1.83422e+23        1.57845
    5.62341e+06    3.54813e+06    3.54811e+06    3.54813e+06    1.83424e+23    2.60921e+23    2.67058e+23    1.83422e+23        1.57845
          1e+07    3.54813e+06    3.54804e+06    3.54813e+06    1.83429e+23    2.60921e+23    2.67058e+23    1.83422e+23        1.57845
            100    7.94328e+06    7.94328e+06    7.94328e+06    6.05137e+23    9.99636e+23    7.82117e+23    6.05137e+23         1.8848
        177.828    7.94328e+06    7.94328e+06    7.94328e+06    6.05137e+23    9.99636e+23    7.82117e+23    6.05137e+23         1.8848
        316.228    7.94328e+06    7.94328e+06    7.94328e+06    6.05137e+23    9.99636e+23    7.82117e+23    6.05137e+23         1.8848
        562.341    7.94328e+06    7.94328e+06    7.94328e+06    6.05137e+23    9.99636e+23    7.82117e+23    6.05137e+23         1.8848
           1000    7.94328e+06    7.94328e+06    7.94328e+06    6.05137e+23    9.99636e+23    7.82117e+23    6.05137e+23         1.8848
        1778.28    7.94328e+06    7.94328e+06    7.94328e+06    6.05137e+23    9.99636e+23    7.82117e+23    6.05137e+23         1.8848
        3162.28    7.94328e+06    7.94328e+06    7.94328e+06    6.05137e+23    9.99636e+23    7.82117e+23    6.05137e+23         1.8848
        5623.41    7.94328e+06    7.94328e+06    7.94328e+06    6.05137e+23    9.99636e+23    7.82117e+23    6.05137e+23         1.8848
          10000    7.94328e+06    7.94328e+06    7.94328e+06    6.05137e+23    9.99636e+23    7.82117e+23    6.05137e+23         1.8848
        17782.8    7.94328e+06    7.94328e+06    7.94328e+06    6.05137e+23    9.99636e+23    7.82117e+23    6.05137e+23         1.8848
        31622.8    7.94328e+06    7.94328e+06    7.94328e+06    6.05137e+23    9.99636e+23    7.82117e+23    6.05137e+23         1.8848
        56234.1    7.94328e+06    7.94328e+06    7.94328e+06    6.05137e+23    9.99636e+23    7.82117e+23    6.05137e+23         1.8848
         100000    7.94328e+06    7.94328e+06    7.94328e+06    6.05137e+23    9.99636e+23    7.82117e+23    6.05137e+23         1.8848
         177828    7.94328e+06    7.94328e+06    7.94328e+06    6.05137e+23    9.99636e+23    7.82117e+23    6.05137e+23         1.8848
         316228    7.94328e+06    7.94328e+06    7.94328e+06    6.05137e+23    9.99636e+23    7.82117e+23    6.05137e+23         1.8848
         562341    7.94328e+06    7.94328e+06    7.94328e+06    6.05137e+23    9.99636e+23    7.82117e+23    6.05137e+23         1.8848
          1e+06    7.94328e+06    7.94328e+06    7.94328e+06    6.05137e+23    9.99636e+23    7.82117e+23    6.05137e+23         1.8848
    1.77828e+06    7.94328e+06    7.94328e+06    7.94328e+06    6.05137e+23    9.99636e+23    7.82117e+23    6.05137e+23         1.8848
    3.16228e+06    7.94328e+06    7.94327e+06    7.94328e+06    6.05138e+23    9.99636e+23    7.82117e+23    6.05137e+23         1.8848
    5.62341e+06    7.94328e+06    7.94325e+06    7.94328e+06     6.0514e+23    9.99636e+23    7.82117e+23    6.05137e+23         1.8848
          1e+07    7.94328e+06    7.94318e+06    7.94328e+06    6.05145e+23    9.99636e+23    7.82117e+23    6.05137e+23        1.88479
            100    1.77828e+07    1.77828e+07    1.77828e+07    1.93434e+24    3.82979e+24    2.29054e+24    1.93434e+24        2.31692
        177.828    1.77828e+07    1.77828e+07    1.77828e+07    1.93434e+24    3.82979e+24    2.29054e+24    1.93434e+24        2.31692
        316.228    1.77828e+07    1.77828e+07    1.77828e+07    1.93434e+24    3.82979e+24    2.29054e+24    1.93434e+24        2.31692
        562.341    1.77828e+07    1.77828e+07    1.77828e+07    1.93434e+24    3.82979e+24    2.29054e+24    1.93434e+24        2.31692
           1000    1.77828e+07    1.77828e+07    1.77828e+07    1.93434e+24    3.82979e+24    2.29054e+24    1.93434e+24        2.31692
        1778.28    1.77828e+07    1.77828e+07    1.77828e+07    1.93434e+24    3.82979e+24    2.29054e+24    1.93434e+24        2.31692
        3162.28    1.77828e+07    1.77828e+07    1.77828e+07    1.93434e+24    3.82979e+24    2.29054e+24    1.93434e+24        2.31692
        5623.41    1.77828e+07    1.77828e+07    1.77828e+07    1.93434e+24    3.82979e+24    2.29054e+24    1.93434e+24        2.31692
          10000    1.77828e+07    1.77828e+07    1.77828e+07    1.93434e+24    3.82979e+24    2.29054e+24    1.93434e+24        2.31692
        17782.8    1.77828e+07    1.77828e+07    1.77828e+07    1.93434e+24    3.82979e+24    2.29054e+24    1.93434e+24        2.31692
        31622.8    1.77828e+07    1.77828e+07    1.77828e+07    1.93434e+24    3.82979e+24    2.29054e+24    1.93434e+24        2.31692
        56234.1    1.77828e+07    1.77828e+07    1.77828e+07    1.93434e+24    3.82979e+24    2.29054e+24    1.93434e+24        2.31692
         100000    1.77828e+07    1.77828e+07    1.77828e+07    1.93434e+24    3.82979e+24    2.29054e+24    1.93434e+24        2.31692
         177828    1.77828e+07    1.77828e+07    1.77828e+07    1.93434e+24    3.82979e+24    2.29054e+24    1.93434e+24        2.31692
         316228    1.77828e+07    1.77828e+07    1.77828e+07    1.93434e+24    3.82979e+24    2.29054e+24    1.93434e+24        2.31692
         562341    1.77828e+07    1.77828e+07    1.77828e+07    1.93434e+24    3.82979e+24    2.29054e+24    1.93434e+24        2.31692
          1e+06    1.77828e+07    1.77828e+07    1.77828e+07    1.93434e+24    3.82979e+24    2.29054e+24    1.93434e+24        2.31692
    1.77828e+06    1.77828e+07    1.77828e+07    1.77828e+07    1.93434e+24    3.82979e+24    2.29054e+24    1.93434e+24        2.31692
    3.16228e+06    1.77828e+07    1.77828e+07    1.77828e+07    1.93434e+24    3.82979e+24    2.29054e+24    1.93434e+24        2.31692
    5.62341e+06    1.77828e+07    1.77828e+07    1.77828e+07    1.93435e+24    3.82979e+24    2.29054e+24    1.93434e+24        2.31692
          1e+07    1.77828e+07    1.77827e+07    1.77828e+07    1.93435e+24    3.82979e+24    2.29054e+24    1.93434e+24        2.31691
            100    3.98107e+07    3.98107e+07    3.98107e+07    6.02118e+24    1.46727e+25    6.70819e+24    6.02118e+24        2.91123
        177.828    3.98107e+07    3.98107e+07    3.98107e+07    6.02118e+24    1.46727e+25    6.70819e+24    6.02118e+24        2.91123
        316.228    3.98107e+07    3.98107e+07    3.98107e+07    6.02118e+24    1.46727e+25    6.70819e+24    6.02118e+24        2.91123
        562.341    3.98107e+07    3.98107e+07    3.98107e+07    6.02118e+24    1.46727e+25    6.70819e+24    6.02118e+24        2.91123
           1000    3.98107e+07    3.98107e+07    3.98107e+07    6.02118e+24    1.46727e+25    6.70819e+24    6.02118e+24        2.91123
        1778.28    3.98107e+07    3.98107e+07    3.98107e+07    6.02118e+24    1.46727e+25    6.70819e+24    6.02118e+24        2.91123
        3162.28    3.98107e+07    3.98107e+07    3.98107e+07    6.02118e+24    1.46727e+25    6.70819e+24    6.02118e+24        2.91123
        5623.41    3.98107e+07    3.98107e+07    3.98107e+07    6.02118e+24    1.46727e+25    6.70819e+24    6.02118e+24        2.91123
          10000    3.98107e+07    3.98107e+07    3.98107e+07    6.02118e+24    1.46727e+25    6.70819e+24    6.02118e+24        2.91123
        17782.8    3.98107e+07    3.98107e+07    3.98107e+07    6.02118e+24    1.46727e+25    6.70819e+24    6.02118e+24        2.91123
        31622.8    3.98107e+07    3.98107e+07    3.98107e+07    6.02118e+24    1.46727e+25    6.70819e+24    6.02118e+24        2.91123
        56234.1    3.98107e+07    3.98107e+07    3.98107e+07    6.02118e+24    1.46727e+25    6.70819e+24    6.02118e+24        2.91123
         100000    3.98107e+07    3.98107e+07    3.98107e+07    6.02118e+24    1.46727e+25    6.70819e+24    6.02118e+24        2.91123
         177828    3.98107e+07    3.98107e+07    3.98107e+07    6.02118e+24    1.46727e+25    6.70819e+24    6.02118e+24        2.91123
         316228    3.98107e+07    3.98107e+07    3.98107e+07    6.02118e+24    1.46727e+25    6.70819e+24    6.02118e+24        2.91123
         562341    3.98107e+07    3.98107e+07    3.98107e+07    6.02118e+24    1.46727e+25    6.70819e+24    6.02118e+24        2.91123
          1e+06    3.98107e+07    3.98107e+07    3.98107e+07    6.02118e+24    1.46727e+25    6.70819e+24    6.02118e+24        2.91123
    1.77828e+06    3.98107e+07    3.98107e+07    3.98107e+07    6.02118e+24    1.46727e+25    6.70819e+24    6.02118e+24        2.91123
    3.16228e+06    3.98107e+07    3.98107e+07    3.98107e+07    6.02119e+24    1.46727e+25    6.70819e+24    6.02118e+24        2.91123
    5.62341e+06    3.98107e+07    3.98107e+07    3.98107e+07    6.02119e+24    1.46727e+25    6.70819e+24    6.02118e+24        2.91123
          1e+07    3.98107e+07    3.98106e+07    3.98107e+07     6.0212e+24    1.46727e+25    6.70819e+24    6.02118e+24        2.91123
            100    8.91251e+07    8.91251e+07    8.91251e+07    1.83651e+25    5.62137e+25    1.96459e+25    1.83651e+25        3.71385
        177.828    8.91251e+07    8.91251e+07    8.91251e+07    1.83651e+25    5.62137e+25    1.96459e+25    1.83651e+25        3.71385
        316.228    8.91251e+07    8.91251e+07    8.91251e+07    1.83651e+25    5.62137e+25    1.96459e+25    1.83651e+25        3.71385
        562.341    8.91251e+07    8.91251e+07    8.91251e+07    1.83651e+25    5.62137e+25    1.96459e+25    1.83651e+25        3.71385
           1000    8.91251e+07    8.91251e+07    8.91251e+07    1.83651e+25    5.62137e+25    1.96459e+25    1.83651e+25        3.71385
        1778.28    8.91251e+07    8.91251e+07    8.91251e+07    1.83651e+25    5.62137e+25    1.96459e+25    1.83651e+25        3.71385
        3162.28    8.91251e+07    8.91251e+07    8.91251e+07    1.83651e+25    5.62137e+25    1.96459e+25    1.83651e+25        3.71385
        5623.41    8.91251e+07    8.91251e+07    8.91251e+07    1.83651e+25    5.62137e+25    1.96459e+25    1.83651e+25        3.71385
          10000    8.91251e+07    8.91251e+07    8.91251e+07    1.83651e+25    5.62137e+25    1.96459e+25    1.83651e+25        3.71385
        17782.8    8.91251e+07    8.91251e+07    8.91251e+07    1.83651e+25    5.62137e+25    1.96459e+25    1.83651e+25        3.71385
        31622.8    8.91251e+07    8.91251e+07    8.91251e+07    1.83651e+25    5.62137e+25    1.96459e+25    1.83651e+25        3.71385
        56234.1    8.91251e+07    8.91251e+07    8.91251e+07    1.83651e+25    5.62137e+25    1.96459e+25    1.83651e+25        3.71385
         100000    8.91251e+07    8.91251e+07    8.91251e+07    1.83651e+25    5.62137e+25    1.96459e+25    1.83651e+25        3.71385
         177828    8.91251e+07    8.91251e+07    8.91251e+07    1.83651e+25    5.62137e+25    1.96459e+25    1.83651e+25        3.71385
         316228    8.91251e+07    8.91251e+07    8.91251e+07    1.83651e+25    5.62137e+25    1.96459e+25    1.83651e+25        3.71385
         562341    8.91251e+07    8.91251e+07    8.91251e+07    1.83651e+25    5.62137e+25    1.96459e+25    1.83651e+25        3.71385
          1e+06    8.91251e+07    8.91251e+07    8.91251e+07    1.83651e+25    5.62137e+25    1.96459e+25    1.83651e+25        3.71385
    1.77828e+06    8.91251e+07    8.91251e+07    8.91251e+07    1.83651e+25    5.62137e+25    1.96459e+25    1.83651e+25        3.71385
    3.16228e+06    8.91251e+07    8.91251e+07    8.91251e+07    1.83651e+25    5.62137e+25    1.96459e+25    1.83651e+25        3.71385
    5.62341e+06    8.91251e+07     8.9125e+07    8.91251e+07    1.83651e+25    5.62137e+25    1.96459e+25    1.83651e+25        3.71385
          1e+07    8.91251e+07    8.91249e+07    8.91251e+07    1.83651e+25    5.62137e+25    1.96459e+25    1.83651e+25        3.71384
            100    1.99526e+08    1.99526e+08    1.99526e+08    5.52087e+25    2.15365e+26    5.75358e+25    5.52087e+25         4.7846
        177.828    1.99526e+08    1.99526e+08    1.99526e+08    5.52087e+25    2.15365e+26    5.75358e+25    5.52087e+25         4.7846
        316.228    1.99526e+08    1.99526e+08    1.99526e+08    5.52087e+25    2.15365e+26    5.75358e+25    5.52087e+25         4.7846
        562.341    1.99526e+08    1.99526e+08    1.99526e+08    5.52087e+25    2.15365e+26    5.75358e+25    5.52087e+25         4.7846
           1000    1.99526e+08    1.99526e+08    1.99526e+08    5.52087e+25    2.15365e+26    5.75358e+25    5.52087e+25         4.7846
        1778.28    1.99526e+08    1.99526e+08    1.99526e+08    5.52087e+25    2.15365e+26    5.75358e+25    5.52087e+25         4.7846
        3162.28    1.99526e+08    1.99526e+08    1.99526e+08    5.52087e+25    2.15365e+26    5.75358e+25    5.52087e+25         4.7846
        5623.41    1.99526e+08    1.99526e+08    1.99526e+08    5.52087e+25    2.15365e+26    5.75358e+25    5.52087e+25         4.7846
          10000    1.99526e+08    1.99526e+08    1.99526e+08    5.52087e+25    2.15365e+26    5.75358e+25    5.52087e+25         4.7846
        17782.8    1.99526e+08    1.99526e+08    1.99526e+08    5.52087e+25    2.15365e+26    5.75358e+25    5.52087e+25         4.7846
        31622.8    1.99526e+08    1.99526e+08    1.99526e+08    5.52087e+25    2.15365e+26    5.75358e+25    5.52087e+25         4.7846
        56234.1    1.99526e+08    1.99526e+08    1.99526e+08    5.52087e+25    2.15365e+26    5.75358e+25    5.52087e+25         4.7846
         100000    1.99526e+08    1.99526e+08    1.99526e+08    5.52087e+25    2.15365e+26    5.75358e+25    5.52087e+25         4.7846
         177828    1.99526e+08    1.99526e+08    1.99526e+08    5.52087e+25    2.15365e+26    5.75358e+25    5.52087e+25         4.7846
         316228    1.99526e+08    1.99526e+08    1.99526e+08    5.52087e+25    2.15365e+26    5.75358e+25    5.52087e+25         4.7846
         562341    1.99526e+08    1.99526e+08    1.99526e+08    5.52087e+25    2.15365e+26    5.75358e+25    5.52087e+25         4.7846
          1e+06    1.99526e+08    1.99526e+08    1.99526e+08    5.52087e+25    2.15365e+26    5.75358e+25    5.52087e+25         4.7846
    1.77828e+06    1.99526e+08    1.99526e+08    1.99526e+08    5.52087e+25    2.15365e+26    5.75358e+25    5.52087e+25         4.7846
    3.16228e+06    1.99526e+08    1.99526e+08    1.99526e+08    5.52087e+25    2.15365e+26    5.75358e+25    5.52087e+25         4.7846
    5.62341e+06    1.99526e+08    1.99526e+08    1.99526e+08    5.52087e+25    2.15365e+26    5.75358e+25    5.52087e+25         4.7846
          1e+07    1.99526e+08    1.99526e+08    1.99526e+08    5.52088e+25    2.15365e+26    5.75358e+25    5.52087e+25         4.7846
            100    4.46684e+08    4.46684e+08    4.46684e+08    1.64352e+26    8.25104e+26    1.68502e+26    1.64352e+26        6.20203
        177.828    4.46684e+08    4.46684e+08    4.46684e+08    1.64352e+26    8.25104e+26    1.68502e+26    1.64352e+26        6.20203
        316.228    4.46684e+08    4.46684e+08    4.46684e+08    1.64352e+26    8.25104e+26    1.68502e+26    1.64352e+26        6.20203
        562.341    4.46684e+08    4.46684e+08    4.46684e+08    1.64352e+26    8.25104e+26    1.68502e+26    1.64352e+26        6.20203
           1000    4.46684e+08    4.46684e+08    4.46684e+08    1.64352e+26    8.25104e+26    1.68502e+26    1.64352e+26        6.20203
        1778.28    4.46684e+08    4.46684e+08    4.46684e+08    1.64352e+26    8.25104e+26    1.68502e+26    1.64352e+26        6.20203
        3162.28    4.46684e+08    4.46684e+08    4.46684e+08    1.64352e+26    8.25104e+26    1.68502e+26    1.64352e+26        6.20203
        5623.41    4.46684e+08    4.46684e+08    4.46684e+08    1.64352e+26    8.25104e+26    1.68502e+26    1.64352e+26        6.20203
          10000    4.46684e+08    4.46684e+08    4.46684e+08    1.64352e+26    8.25104e+26    1.68502e+26    1.64352e+26        6.20203
        17782.8    4.46684e+08    4.46684e+08    4.46684e+08    1.64352e+26    8.25104e+26    1.68502e+26    1.64352e+26        6.20203
        31622.8    4.46684e+08    4.46684e+08    4.46684e+08    1.64352e+26    8.25104e+26    1.68502e+26    1.64352e+26        6.20203
        56234.1    4.46684e+08    4.46684e+08    4.46684e+08    1.64352e+26    8.25104e+26    1.68502e+26    1.64352e+26        6.20203
         100000    4.46684e+08    4.46684e+08    4.46684e+08    1.64352e+26    8.25104e+26    1.68502e+26    1.64352e+26        6.20203
         177828    4.46684e+08    4.46684e+08    4.46684e+08    1.64352e+26    8.25104e+26    1.68502e+26    1.64352e+26        6.20203
         316228    4.46684e+08    4.46684e+08    4.46684e+08    1.64352e+26    8.25104e+26    1.68502e+26    1.64352e+26        6.20203
         562341    4.46684e+08    4.46684e+08    4.46684e+08    1.64352e+26    8.25104e+26    1.68502e+26    1.64352e+26        6.20203
          1e+06    4.46684e+08    4.46684e+08    4.46684e+08    1.64352e+26    8.25104e+26    1.68502e+26    1.64352e+26        6.20203
    1.77828e+06    4.46684e+08    4.46684e+08    4.46684e+08    1.64352e+26    8.25104e+26    1.68502e+26    1.64352e+26        6.20203
    3.16228e+06    4.46684e+08    4.46684e+08    4.46684e+08    1.64352e+26    8.25104e+26    1.68502e+26    1.64352e+26        6.20203
    5.62341e+06    4.46684e+08    4.46683e+08    4.46684e+08    1.64352e+26    8.25104e+26    1.68502e+26    1.64352e+26        6.20203
          1e+07    4.46684e+08    4.46683e+08    4.46684e+08    1.64352e+26    8.25104e+26    1.68502e+26    1.64352e+26        6.20203
            100          1e+09          1e+09          1e+09    4.86181e+26    3.16113e+27    4.93482e+26    4.86181e+26         8.0694
        177.828          1e+09          1e+09          1e+09    4.86181e+26    3.16113e+27    4.93482e+26    4.86181e+26         8.0694
        316.228          1e+09          1e+09          1e+09    4.86181e+26    3.16113e+27    4.93482e+26    4.86181e+26         8.0694
        562.341          1e+09          1e+09          1e+09    4.86181e+26    3.16113e+27    4.93482e+26    4.86181e+26         8.0694
           1000          1e+09          1e+09          1e+09    4.86181e+26    3.16113e+27    4.93482e+26    4.86181e+26         8.0694
        1778.28          1e+09          1e+09          1e+09    4.86181e+26    3.16113e+27    4.93482e+26    4.86181e+26         8.0694
        3162.28          1e+09          1e+09          1e+09    4.86181e+26    3.16113e+27    4.93482e+26    4.86181e+26         8.0694
        5623.41          1e+09          1e+09          1e+09    4.86181e+26    3.16113e+27    4.93482e+26    4.86181e+26         8.0694
          10000          1e+09          1e+09          1e+09    4.86181e+26    3.16113e+27    4.93482e+26    4.86181e+26         8.0694
        17782.8          1e+09          1e+09          1e+09    4.86181e+26    3.16113e+27    4.93482e+26    4.86181e+26         8.0694
        31622.8          1e+09          1e+09          1e+09    4.86181e+26    3.16113e+27    4.93482e+26    4.86181e+26         8.0694
        56234.1          1e+09          1e+09          1e+09    4.86181e+26    3.16113e+27    4.93482e+26    4.86181e+26         8.0694
         100000          1e+09          1e+09          1e+09    4.86181e+26    3.16113e+27    4.93482e+26    4.86181e+26         8.0694
         177828          1e+09          1e+09          1e+09    4.86181e+26    3.16113e+27    4.93482e+26    4.86181e+26         8.0694
         316228          1e+09          1e+09          1e+09    4.86181e+26    3.16113e+27    4.93482e+26    4.86181e+26         8.0694
         562341          1e+09          1e+09          1e+09    4.86181e+26    3.16113e+27    4.93482e+26    4.86181e+26         8.0694
          1e+06          1e+09          1e+09          1e+09    4.86181e+26    3.16113e+27    4.93482e+26    4.86181e+26         8.0694
    1.77828e+06          1e+09          1e+09          1e+09    4.86181e+26    3.16113e+27    4.93482e+26    4.86181e+26         8.0694
    3.16228e+06          1e+09          1e+09          1e+09    4.86181e+26    3.16113e+27    4.93482e+26    4.86181e+26         8.0694
    5.62341e+06          1e+09          1e+09          1e+09    4.86181e+26    3.16113e+27    4.93482e+26    4.86181e+26         8.0694
          1e+07          1e+09    9.99999e+08          1e+09    4.86181e+26    3.16113e+27    4.93482e+26    4.86181e+26         8.0694
