            100            100            100            100    6.80709e+15    6.81044e+15    2.29054e+17        1.00069
        117.681            100            100            100    6.80709e+15    6.81044e+15    2.29054e+17        1.00069
        138.489            100            100            100    6.80709e+15    6.81044e+15    2.29054e+17        1.00069
        162.975            100            100            100    6.80709e+15    6.81044e+15    2.29054e+17        1.00069
        191.791            100            100            100    6.80709e+15    6.81044e+15    2.29054e+17        1.00069
        225.702            100            100            100    6.80709e+15    6.81044e+15    2.29054e+17        1.00069
        265.609            100            100            100    6.80709e+15    6.81044e+15    2.29054e+17        1.00069
        312.572            100            100            100    6.80709e+15    6.81044e+15    2.29054e+17        1.00069
        367.838            100            100            100    6.80709e+15    6.81044e+15    2.29054e+17        1.00069
        432.876            100            100            100    6.80709e+15    6.81044e+15    2.29054e+17        1.00069
        509.414            100            100            100    6.80709e+15    6.81044e+15    2.29054e+17        1.00069
        599.484            100            100            100    6.80709e+15    6.81044e+15    2.29054e+17        1.00069
         705.48            100            100            100    6.80709e+15    6.81044e+15    2.29054e+17        1.00069
        830.218            100            100            100    6.80709e+15    6.81044e+15    2.29054e+17        1.00069
         977.01            100            100            100    6.80709e+15    6.81044e+15    2.29054e+17        1.00069
        1149.76            100            100            100    6.80709e+15    6.81044e+15    2.29054e+17        1.00069
        1353.05            100            100            100    6.80709e+15    6.81044e+15    2.29054e+17        1.00069
        1592.28            100            100            100    6.80709e+15    6.81044e+15    2.29054e+17        1.00069
        1873.82            100            100            100    6.80709e+15    6.81044e+15    2.29054e+17        1.00069
        2205.13            100            100            100    6.80709e+15    6.81044e+15    2.29054e+17        1.00069
        2595.02            100            100            100     6.8071e+15    6.81044e+15    2.29054e+17        1.00069
        3053.86            100        99.9999            100     6.8071e+15    6.81044e+15    2.29054e+17        1.00069
        3593.81            100        99.9999            100    6.80711e+15    6.81044e+15    2.29054e+17        1.00069
        4229.24            100        99.9999            100    6.80712e+15    6.81044e+15    2.29054e+17        1.00069
        4977.02            100        99.9998            100    6.80713e+15    6.81044e+15    2.29054e+17        1.00069
        5857.02            100        99.9997            100    6.80714e+15    6.81044e+15    2.29054e+17        1.00069
        6892.61            100        99.9996            100    6.80717e+15    6.81044e+15    2.29054e+17        1.00069
        8111.31            100        99.9995            100     6.8072e+15    6.81044e+15    2.29054e+17        1.00069
        9545.48            100        99.9993            100    6.80724e+15    6.81044e+15    2.29054e+17        1.00069
        11233.2            100        99.9991            100     6.8073e+15    6.81044e+15    2.29054e+17        1.00069
        13219.4            100        99.9987            100    6.80738e+15    6.81044e+15    2.29054e+17        1.00069
        15556.8            100        99.9982            100    6.80749e+15    6.81044e+15    2.29054e+17        1.00069
        18307.4            100        99.9975            100    6.80765e+15    6.81044e+15    2.29054e+17        1.00069
        21544.3            100        99.9966            100    6.80786e+15    6.81044e+15    2.29054e+17        1.00069
        25353.6            100        99.9953            100    6.80816e+15    6.81044e+15    2.29054e+17        1.00069
        29836.5            100        99.9934            100    6.80857e+15    6.81044e+15    2.29054e+17        1.00069
        35111.9            100        99.9909            100    6.80915e+15    6.81044e+15    2.29054e+17        1.00069
        41320.1            100        99.9874            100    6.80994e+15    6.81044e+15    2.29054e+17        1.00069
          48626            100        99.9826            100    6.81103e+15    6.81044e+15    2.29054e+17        1.00069
        57223.7            100        99.9758            100    6.81255e+15    6.81044e+15    2.29054e+17        1.00069
        67341.5            100        99.9665            100    6.81466e+15    6.81044e+15    2.29054e+17        1.00069
        79248.3            100        99.9537            100    6.81757e+15    6.81044e+15    2.29054e+17        1.00069
        93260.3            100        99.9358            100     6.8216e+15    6.81044e+15    2.29054e+17        1.00069
         109750            100        99.9111            100    6.82718e+15    6.81044e+15    2.29054e+17        1.00069
         129155            100        99.8768            100     6.8349e+15    6.81044e+15    2.29054e+17        1.00069
         151991            100        99.8293            100    6.84558e+15    6.81044e+15    2.29054e+17        1.00069
         178865            100        99.7635            100    6.86035e+15    6.81044e+15    2.29054e+17        1.00069
         210490            100        99.6721            100    6.88077e+15    6.81044e+15    2.29054e+17        1.00069
         247708            100        99.5453            100    6.90897e+15    6.81044e+15    2.29054e+17        1.00069
         291505            100         99.369            100    6.94788e+15    6.81044e+15    2.29054e+17        1.00069
         343047            100        99.1237            100    7.00145e+15    6.81044e+15    2.29054e+17        1.00069
         403702            100        98.7815            100    7.07503e+15    6.81044e+15    2.29054e+17        1.00068
         475081            100        98.3023            100    7.17569e+15    6.81044e+15    2.29054e+17        1.00068
         559081            100        97.6279            100    7.31256e+15    6.81044e+15    2.29054e+17        1.00068
         657933            100        96.6731            100    7.49714e+15    6.81044e+15    2.29054e+17        1.00068
         774264            100        95.3142            100    7.74339e+15    6.81044e+15    2.29054e+17        1.00067
         911163            100        93.3748            100    8.06782e+15    6.81044e+15    2.29054e+17        1.00066
    1.07227e+06            100         90.611            100    8.48944e+15    6.81044e+15    2.29054e+17        1.00065
    1.26186e+06            100        86.6996            100    9.02983e+15    6.81044e+15    2.29054e+17        1.00063
    1.48497e+06            100        81.2331            100    9.71331e+15    6.81044e+15    2.29054e+17         1.0006
    1.74753e+06            100        73.7314            100    1.05673e+16    6.81044e+15    2.29054e+17        1.00056
    2.05651e+06            100        63.6867            100    1.16231e+16    6.81044e+15    2.29054e+17        1.00051
    2.42013e+06            100        50.6788            100    1.29162e+16    6.81044e+15    2.29054e+17        1.00044
    2.84804e+06            100        34.6459            100    1.44879e+16    6.81044e+15    2.29054e+17        1.00034
     3.3516e+06            100        16.5706            100     1.6386e+16    6.81044e+15    2.29054e+17        1.00021
    3.94421e+06            100        1.00399            100    1.86661e+16    6.81044e+15    2.29054e+17        1.00003
    4.64159e+06            100            nan            100    2.13938e+16    6.81044e+15    2.29054e+17         0.9998
    5.46228e+06            100            nan            100    2.46457e+16    6.81044e+15    2.29054e+17       0.999496
    6.42807e+06            100            nan            100    2.85119e+16    6.81044e+15    2.29054e+17       0.999102
    7.56463e+06            100            nan            100    3.30987e+16    6.81044e+15    2.29054e+17       0.998594
    8.90215e+06            100            nan            100    3.85309e+16    6.81044e+15    2.29054e+17       0.997944
    1.04762e+07            100            nan            100    4.49557e+16    6.81044e+15    2.29054e+17       0.997116
    1.23285e+07            100            nan            100    5.25464e+16    6.81044e+15    2.29054e+17       0.996068
    1.45083e+07            100            nan            100    6.15067e+16    6.81044e+15    2.29054e+17       0.994747
    1.70735e+07            100            nan            100    7.20771e+16    6.81044e+15    2.29054e+17       0.993088
    2.00923e+07            100            nan            100    8.45401e+16    6.81044e+15    2.29054e+17       0.991013
    2.36449e+07            100            nan            100    9.92287e+16    6.81044e+15    2.29054e+17       0.988424
    2.78256e+07            100            nan            100    1.16535e+17    6.81044e+15    2.29054e+17       0.985206
    3.27455e+07            100            nan            100    1.36919e+17    6.81044e+15    2.29054e+17       0.981215
    3.85353e+07            100            nan            100    1.60925e+17    6.81044e+15    2.29054e+17       0.976278
    4.53488e+07            100            nan            100    1.89192e+17    6.81044e+15    2.29054e+17       0.970185
     5.3367e+07            100            nan            100    2.22472e+17    6.81044e+15    2.29054e+17       0.962679
    6.28029e+07            100            nan            100    2.61649e+17    6.81044e+15    2.29054e+17        0.95345
    7.39072e+07            100            nan            100    3.07766e+17    6.81044e+15    2.29054e+17        0.94212
    8.69749e+07            100            nan            100    3.62048e+17    6.81044e+15    2.29054e+17       0.928234
    1.02353e+08            100            nan            100     4.2594e+17    6.81044e+15    2.29054e+17       0.911236
     1.2045e+08            100            nan            100    5.01137e+17    6.81044e+15    2.29054e+17       0.890458
    1.41747e+08            100            nan            100     5.8964e+17    6.81044e+15    2.29054e+17       0.865086
     1.6681e+08            100            nan            100      6.938e+17    6.81044e+15    2.29054e+17       0.834137
    1.96304e+08            100            nan            100    8.16385e+17    6.81044e+15    2.29054e+17       0.796419
    2.31013e+08            100            nan            100    9.60651e+17    6.81044e+15    2.29054e+17       0.750491
    2.71859e+08            100            nan            100    1.13043e+18    6.81044e+15    2.29054e+17       0.694605
    3.19927e+08            100            nan            100    1.33024e+18    6.81044e+15    2.29054e+17       0.626646
    3.76494e+08            100            nan            100    1.56538e+18    6.81044e+15    2.29054e+17       0.544051
    4.43062e+08            100            nan            100    1.84213e+18    6.81044e+15    2.29054e+17       0.443714
    5.21401e+08            100            nan            100    2.17062e+18    6.81044e+15    2.29054e+17       0.321927
    6.13591e+08            100            nan            100    2.72211e+18    6.81044e+15    2.29054e+17       0.177363
    7.22081e+08            100            nan            100    6.96598e+18    6.81044e+15    2.29054e+17        0.05615
    8.49753e+08            100            nan            100    3.37855e+19    6.81044e+15    2.29054e+17      0.0150453
          1e+09            100            nan            100    1.50049e+20    6.81044e+15    2.29054e+17     0.00467922
