            100            100            100            100    6.80709e+15    6.81044e+15    2.29054e+17        1.00069
        177.828            100            100            100    6.80709e+15    6.81044e+15    2.29054e+17        1.00069
        316.228            100            100            100    6.80709e+15    6.81044e+15    2.29054e+17        1.00069
        562.341            100            100            100    6.80709e+15    6.81044e+15    2.29054e+17        1.00069
           1000            100            100            100    6.80709e+15    6.81044e+15    2.29054e+17        1.00069
        1778.28            100            100            100    6.80709e+15    6.81044e+15    2.29054e+17        1.00069
        3162.28            100        99.9999            100     6.8071e+15    6.81044e+15    2.29054e+17        1.00069
        5623.41            100        99.9998            100    6.80714e+15    6.81044e+15    2.29054e+17        1.00069
          10000            100        99.9993            100    6.80725e+15    6.81044e+15    2.29054e+17        1.00069
        17782.8            100        99.9977            100    6.80761e+15    6.81044e+15    2.29054e+17        1.00069
        31622.8            100        99.9926            100    6.80876e+15    6.81044e+15    2.29054e+17        1.00069
        56234.1            100        99.9767            100    6.81237e+15    6.81044e+15    2.29054e+17        1.00069
         100000            100        99.9262            100    6.82377e+15    6.81044e+15    2.29054e+17        1.00069
         177828            100        99.7662            100    6.85974e+15    6.81044e+15    2.29054e+17        1.00069
         316228            100        99.2565            100    6.97253e+15    6.81044e+15    2.29054e+17        1.00069
         562341            100        97.5992            100    7.31826e+15    6.81044e+15    2.29054e+17        1.00068
          1e+06            100        91.9152            100    8.29552e+15    6.81044e+15    2.29054e+17        1.00065
    1.77828e+06            100        72.7855            100    1.06702e+16    6.81044e+15    2.29054e+17        1.00056
    3.16228e+06            100        23.1113            100    1.56673e+16    6.81044e+15    2.29054e+17        1.00026
    5.62341e+06            100            nan            100    2.52882e+16    6.81044e+15    2.29054e+17       0.999433
          1e+07            100            nan            100    4.30092e+16    6.81044e+15    2.29054e+17       0.997373
            100        223.872        223.872        223.872    2.60701e+16    2.60921e+16    6.70819e+17        1.00118
        177.828        223.872        223.872        223.872    2.60701e+16    2.60921e+16    6.70819e+17        1.00118
        316.228        223.872        223.872        223.872    2.60701e+16    2.60921e+16    6.70819e+17        1.00118
        562.341        223.872        223.872        223.872    2.60701e+16    2.60921e+16    6.70819e+17        1.00118
           1000        223.872        223.872        223.872    2.60701e+16    2.60921e+16    6.70819e+17        1.00118
        1778.28        223.872        223.872        223.872    2.60701e+16    2.60921e+16    6.70819e+17        1.00118
        3162.28        223.872        223.872        223.872    2.60701e+16    2.60921e+16    6.70819e+17        1.00118
        5623.41        223.872        223.872        223.872    2.60702e+16    2.60921e+16    6.70819e+17        1.00118
          10000        223.872        223.872        223.872    2.60703e+16    2.60921e+16    6.70819e+17        1.00118
        17782.8        223.872         223.87        223.872    2.60708e+16    2.60921e+16    6.70819e+17        1.00118
        31622.8        223.872        223.866        223.872    2.60723e+16    2.60921e+16    6.70819e+17        1.00118
        56234.1        223.872        223.854        223.872     2.6077e+16    2.60921e+16    6.70819e+17        1.00118
         100000        223.872        223.816        223.872    2.60919e+16    2.60921e+16    6.70819e+17        1.00118
         177828        223.872        223.693        223.872    2.61391e+16    2.60921e+16    6.70819e+17        1.00118
         316228        223.872        223.306        223.872    2.62878e+16    2.60921e+16    6.70819e+17        1.00118
         562341        223.872         222.07        223.872     2.6754e+16    2.60921e+16    6.70819e+17        1.00117
          1e+06        223.872        218.042        223.872    2.81784e+16    2.60921e+16    6.70819e+17        1.00116
    1.77828e+06        223.872        204.186        223.872     3.2171e+16    2.60921e+16    6.70819e+17        1.00111
    3.16228e+06        223.872        157.952        223.872    4.17684e+16    2.60921e+16    6.70819e+17        1.00094
    5.62341e+06        223.872        41.8822        223.872    6.18091e+16    2.60921e+16    6.70819e+17        1.00039
          1e+07        223.872            nan        223.872    1.00236e+17    2.60921e+16    6.70819e+17       0.998876
            100        501.187        501.187        501.187    9.98196e+16    9.99636e+16    1.96459e+18        1.00202
        177.828        501.187        501.187        501.187    9.98196e+16    9.99636e+16    1.96459e+18        1.00202
        316.228        501.187        501.187        501.187    9.98196e+16    9.99636e+16    1.96459e+18        1.00202
        562.341        501.187        501.187        501.187    9.98196e+16    9.99636e+16    1.96459e+18        1.00202
           1000        501.187        501.187        501.187    9.98196e+16    9.99636e+16    1.96459e+18        1.00202
        1778.28        501.187        501.187        501.187    9.98196e+16    9.99636e+16    1.96459e+18        1.00202
        3162.28        501.187        501.187        501.187    9.98196e+16    9.99636e+16    1.96459e+18        1.00202
        5623.41        501.187        501.187        501.187    9.98196e+16    9.99636e+16    1.96459e+18        1.00202
          10000        501.187        501.187        501.187    9.98198e+16    9.99636e+16    1.96459e+18        1.00202
        17782.8        501.187        501.186        501.187    9.98205e+16    9.99636e+16    1.96459e+18        1.00202
        31622.8        501.187        501.183        501.187    9.98224e+16    9.99636e+16    1.96459e+18        1.00202
        56234.1        501.187        501.174        501.187    9.98286e+16    9.99636e+16    1.96459e+18        1.00202
         100000        501.187        501.144        501.187    9.98481e+16    9.99636e+16    1.96459e+18        1.00202
         177828        501.187         501.05        501.187    9.99099e+16    9.99636e+16    1.96459e+18        1.00202
         316228        501.187        500.754        501.187    1.00105e+17    9.99636e+16    1.96459e+18        1.00202
         562341        501.187        499.813        501.187     1.0072e+17    9.99636e+16    1.96459e+18        1.00202
          1e+06        501.187        496.814        501.187    1.02646e+17    9.99636e+16    1.96459e+18        1.00201
    1.77828e+06        501.187        487.008        501.187    1.08513e+17    9.99636e+16    1.96459e+18        1.00198
    3.16228e+06        501.187        453.194        501.187    1.24812e+17    9.99636e+16    1.96459e+18        1.00189
    5.62341e+06        501.187        341.477        501.187    1.63573e+17    9.99636e+16    1.96459e+18        1.00156
          1e+07        501.187         71.638        501.187    2.43911e+17    9.99636e+16    1.96459e+18        1.00055
            100        1122.02        1122.02        1122.02    3.82036e+17    3.82979e+17    5.75358e+18        1.00346
        177.828        1122.02        1122.02        1122.02    3.82036e+17    3.82979e+17    5.75358e+18        1.00346
        316.228        1122.02        1122.02        1122.02    3.82036e+17    3.82979e+17    5.75358e+18        1.00346
        562.341        1122.02        1122.02        1122.02    3.82036e+17    3.82979e+17    5.75358e+18        1.00346
           1000        1122.02        1122.02        1122.02    3.82036e+17    3.82979e+17    5.75358e+18        1.00346
        1778.28        1122.02        1122.02        1122.02    3.82036e+17    3.82979e+17    5.75358e+18        1.00346
        3162.28        1122.02        1122.02        1122.02    3.82036e+17    3.82979e+17    5.75358e+18        1.00346
        5623.41        1122.02        1122.02        1122.02    3.82036e+17    3.82979e+17    5.75358e+18        1.00346
          10000        1122.02        1122.02        1122.02    3.82037e+17    3.82979e+17    5.75358e+18        1.00346
        17782.8        1122.02        1122.02        1122.02    3.82037e+17    3.82979e+17    5.75358e+18        1.00346
        31622.8        1122.02        1122.02        1122.02     3.8204e+17    3.82979e+17    5.75358e+18        1.00346
        56234.1        1122.02        1122.01        1122.02    3.82048e+17    3.82979e+17    5.75358e+18        1.00346
         100000        1122.02        1121.99        1122.02    3.82074e+17    3.82979e+17    5.75358e+18        1.00346
            100         117681         117772              0    8.49284e+20    8.93348e+20    2.84587e+21        1.07427
            100         129155         129155         129155      9.874e+20    1.04318e+21    3.22171e+21        1.07881
            100         141747         141747         141747    1.14922e+21    1.21815e+21    3.64719e+21        1.08365
            100         155568         155568         155568     1.3373e+21    1.42246e+21    4.12886e+21        1.08879
            100         170735         211585         211585    2.20407e+21    1.66104e+21    4.67415e+21          1.108
            100         187382         187382         187382     1.8098e+21    1.93964e+21    5.29145e+21        1.09998
            100         205651         205651         205651    2.10473e+21    2.26496e+21    5.99028e+21        1.10607
            100         225702         281278              0    3.49273e+21    2.64485e+21    6.78139e+21        1.12927
            100         247708         247708         247708    2.84468e+21    3.08845e+21    7.67699e+21        1.11932
            100         271859         271859         271859    3.30596e+21    3.60646e+21    8.69086e+21        1.12653
            100         298365         298365         298365    3.84108e+21    4.21135e+21    9.83864e+21        1.13414
            100         327455    3.40542e+06    3.04524e-13    1.72446e+23    4.91769e+21     1.1138e+22        1.56565
            100         359381    3.15717e+06              0    1.53866e+23     5.7425e+21     1.2609e+22        1.54267
            100         394421    3.40773e+06              0    1.72622e+23    6.70566e+21    1.42742e+22        1.56586
            100         432876    2.32586e+06    2.32586e+06    9.68128e+22    7.83036e+21    1.61593e+22        1.45791
            100         475081    2.92965e+06              0    1.37433e+23    9.14369e+21    1.82934e+22        1.52076
            100         521401         522281         522281    9.41911e+21    1.06773e+22    2.07094e+22        1.18988
            100         572237    3.40772e+06              0    1.72622e+23    1.24681e+22    2.34444e+22        1.56585
            100         628029    3.40681e+06    1.23019e-13    1.72552e+23    1.45593e+22    2.65406e+22        1.56577
            100         689261    3.02395e+06    3.15642e-13    1.44173e+23    1.70013e+22    3.00458e+22        1.52995
            100         756463         761223              0    1.71126e+22    1.98528e+22    3.40138e+22        1.23876
            100         830218    3.35689e+06    1.23019e-13    1.68762e+23    2.31826e+22    3.85059e+22        1.56123
            100         911163    3.10836e+06    3.14878e-13    1.50292e+23    2.70709e+22    4.35913e+22        1.53804
            100          1e+06    3.40753e+06              0    1.72607e+23    3.16113e+22    4.93482e+22        1.56584
        117.681            100            100            100    6.80709e+15    6.81044e+15    2.29054e+17        1.00069
        117.681         109.75         109.75         109.75    7.94854e+15    7.95272e+15    2.59305e+17        1.00073
        117.681         120.45         120.45         120.45    9.28139e+15    9.28657e+15     2.9355e+17        1.00078
        117.681        132.194        132.194        132.194    1.08377e+16    1.08442e+16    3.32319e+17        1.00083
        117.681        145.083        145.083        145.083     1.2655e+16     1.2663e+16    3.76207e+17        1.00088
        117.681        159.228        159.228        159.228    1.47769e+16    1.47869e+16    4.25891e+17        1.00094
        117.681        174.753        174.753        174.753    1.72546e+16     1.7267e+16    4.82137e+17          1.001
        117.681        191.791        191.791        191.791    2.01477e+16     2.0163e+16    5.45812e+17        1.00107
        117.681         210.49         210.49         210.49    2.35258e+16    2.35449e+16    6.17895e+17        1.00113
        117.681        231.013        231.013        231.013    2.74702e+16    2.74939e+16    6.99499e+17        1.00121
        117.681        253.536        253.536        253.536    3.20758e+16    3.21053e+16    7.91879e+17        1.00128
        117.681        278.256        278.256        278.256    3.74535e+16    3.74901e+16     8.9646e+17        1.00137
        117.681        305.386        305.386        305.386    4.37326e+16     4.3778e+16    1.01485e+18        1.00145
        117.681         335.16         335.16         335.16    5.10643e+16    5.11206e+16    1.14888e+18        1.00155
        117.681        367.838        367.838        367.838    5.96247e+16    5.96948e+16    1.30061e+18        1.00164
        117.681        403.702        403.702        403.702      6.962e+16     6.9707e+16    1.47238e+18        1.00175
        117.681        443.062        443.062        443.062    8.12904e+16    8.13985e+16    1.66683e+18        1.00186
        117.681         486.26         486.26         486.26    9.49167e+16     9.5051e+16    1.88696e+18        1.00198
        117.681         533.67         533.67         533.67    1.10826e+17    1.10993e+17    2.13617e+18        1.00211
        117.681        585.702        585.702        585.702    1.29402e+17    1.29609e+17    2.41828e+18        1.00224
        117.681        642.807        642.807        642.807    1.51091e+17    1.51348e+17    2.73766e+18        1.00238
        117.681         705.48         705.48         705.48    1.76413e+17    1.76733e+17    3.09921e+18        1.00254
        117.681        774.264        774.264        774.264    2.05978e+17    2.06375e+17    3.50852e+18         1.0027
        117.681        849.753        849.753        849.753    2.40495e+17    2.40989e+17    3.97188e+18        1.00287
        117.681        932.603        932.603        932.603    2.80795e+17    2.81408e+17    4.49643e+18        1.00306
        117.681        1023.53        1023.53        1023.53    3.27846e+17    3.28607e+17    5.09026e+18        1.00325
        117.681        1123.32        1123.32        1123.32    3.82777e+17    3.83722e+17    5.76251e+18        1.00346
        117.681        1232.85        1232.85        1232.85    4.46907e+17    4.48082e+17    6.52355e+18        1.00368
        117.681        1353.05        1353.05        1353.05    5.21777e+17    5.23236e+17    7.38509e+18        1.00391
        117.681        1484.97        1484.97        1484.97    6.09182e+17    6.10995e+17    8.36042e+18        1.00416
        117.681        1629.75        1629.75        1629.75    7.11222e+17    7.13473e+17    9.46455e+18        1.00443
        117.681        1788.65        1788.65        1788.65    8.30343e+17    8.33139e+17    1.07145e+19        1.00471
        117.681        1963.04        1963.04        1963.04    9.69404e+17    9.72876e+17    1.21295e+19        1.00501
        117.681        2154.43        2154.43        2154.43    1.13174e+18    1.13605e+18    1.37314e+19        1.00533
        117.681        2364.49        2364.49        2364.49    1.32124e+18    1.32659e+18    1.55449e+19        1.00567
        117.681        2595.02        2595.02        2595.02    1.54244e+18    1.54909e+18    1.75979e+19        1.00604
        117.681        2848.04        2848.04        2848.04    1.80065e+18    1.80891e+18     1.9922e+19        1.00642
        117.681        3125.72        3125.72        3125.72    2.10205e+18    2.11231e+18     2.2553e+19        1.00683
        117.681        3430.47        3430.47        3430.47    2.45386e+18     2.4666e+18    2.55315e+19        1.00727
        117.681        3764.94        3764.94        3764.94    2.86448e+18     2.8803e+18    2.89034e+19        1.00773
        117.681        4132.01        4132.01        4132.01    3.34375e+18     3.3634e+18    3.27205e+19        1.00822
        117.681        4534.88        4534.88        4534.88    3.90313e+18    3.92752e+18    3.70418e+19        1.00874
        117.681        4977.02        4977.02        4977.02    4.55597e+18    4.58626e+18    4.19338e+19         1.0093
        117.681        5462.28        5462.28        5462.28    5.31788e+18    5.35548e+18    4.74719e+19        1.00989
        117.681        5994.84        5994.84        5994.84    6.20704e+18    6.25372e+18    5.37414e+19        1.01052
        117.681        6579.33        6579.33        6579.33    7.24466e+18    7.30262e+18    6.08388e+19        1.01119
        117.681        7220.81        7220.81        7220.81    8.45549e+18    8.52744e+18    6.88736e+19        1.01191
        117.681        7924.83        7924.83        7924.83    9.86838e+18    9.95769e+18    7.79695e+19        1.01266
        117.681        8697.49        8697.49        8697.49     1.1517e+19    1.16278e+19    8.82667e+19        1.01347
        117.681        9545.48        9545.48        9545.48    1.34405e+19    1.35781e+19    9.99238e+19        1.01432
        117.681        10476.2        10476.2        10476.2    1.56847e+19    1.58555e+19     1.1312e+20        1.01523
        117.681        11497.6        11497.6        11497.6    1.83028e+19    1.85148e+19     1.2806e+20         1.0162
        117.681        12618.6        12618.6        12618.6    2.13571e+19    2.16202e+19    1.44972e+20        1.01723
        117.681        13848.9        13848.9        13848.9      2.492e+19    2.52464e+19    1.64118e+20        1.01832
        117.681        15199.1        15199.1        15199.1    2.90758e+19    2.94808e+19    1.85793e+20        1.01948
        117.681          16681          16681          16681     3.3923e+19    3.44254e+19     2.1033e+20        1.02071
        117.681        18307.4        18307.4        18307.4    3.95761e+19    4.01994e+19    2.38108e+20        1.02203
        117.681        20092.3        20092.3        20092.3    4.61686e+19    4.69417e+19    2.69554e+20        1.02342
        117.681        22051.3        22051.3        22051.3     5.3856e+19     5.4815e+19    3.05153e+20         1.0249
        117.681        24201.3        24201.3        24201.3    6.28195e+19    6.40088e+19    3.45453e+20        1.02647
        117.681        26560.9        26560.9        26560.9    7.32697e+19    7.47445e+19    3.91076e+20        1.02814
        117.681        29150.5        29150.5        29150.5    8.54524e+19     8.7281e+19    4.42725e+20        1.02992
        117.681        31992.7        31992.7        31992.7     9.9653e+19     1.0192e+20    5.01194e+20         1.0318
        117.681        35111.9        35111.9        35111.9    1.16204e+20    1.19014e+20    5.67385e+20         1.0338
        117.681        38535.3        38535.3        38535.3    1.35493e+20    1.38976e+20    6.42318e+20        1.03593
        117.681        42292.4        42292.4        42292.4    1.57969e+20    1.62286e+20    7.27146e+20        1.03818
        117.681        46415.9        46415.9        46415.9    1.84157e+20    1.89505e+20    8.23178e+20        1.04058
        117.681        50941.4        50941.4        50941.4    2.14664e+20    2.21289e+20    9.31893e+20        1.04312
        117.681        55908.1        55908.1        55908.1    2.50198e+20    2.58404e+20    1.05496e+21        1.04582
        117.681        61359.1        61359.1        61359.1    2.91582e+20    3.01745e+20    1.19429e+21        1.04869
        117.681        67341.5        67341.5        67341.5    3.39771e+20    3.52355e+20    1.35202e+21        1.05172
        117.681        73907.2        73907.2        73907.2    3.95876e+20    4.11453e+20    1.53057e+21        1.05495
        117.681        81113.1        81113.1        81113.1    4.61184e+20    4.80463e+20    1.73271e+21        1.05837
        117.681        89021.5        89021.5        89021.5    5.37193e+20    5.61048e+20    1.96155e+21        1.06199
        117.681          97701          97701          97701    6.25638e+20    6.55149e+20     2.2206e+21        1.06584
        117.681         107227         107227         107227    7.28535e+20    7.65034e+20    2.51387e+21        1.06991
        117.681         117681         117681         117681     8.4822e+20    8.93348e+20    2.84587e+21        1.07423
        117.681         129155         129155         129155    9.87401e+20    1.04318e+21    3.22171e+21        1.07881
        117.681         141747            inf            inf            inf    1.21815e+21    3.64719e+21   1.64699e+173
        117.681         155568            inf            inf            inf    1.42246e+21    4.12886e+21   1.64699e+173
        117.681         170735            inf            inf            inf    1.66104e+21    4.67415e+21   1.64699e+173
        117.681         187382            inf            inf            inf    1.93964e+21    5.29145e+21   1.64699e+173
        117.681         205651            inf            inf            inf    2.26496e+21    5.99028e+21   1.64699e+173
        117.681         225702            inf            inf            inf    2.64485e+21    6.78139e+21   1.64699e+173
        117.681         247708            inf            inf            inf    3.08845e+21    7.67699e+21   1.64699e+173
        117.681         271859            inf            inf            inf    3.60646e+21    8.69086e+21   1.64699e+173
        117.681         298365            inf            inf            inf    4.21135e+21    9.83864e+21   1.64699e+173
        117.681         327455            inf            inf            inf    4.91769e+21     1.1138e+22   1.64699e+173
        117.681         359381            inf            inf            inf     5.7425e+21     1.2609e+22   1.64699e+173
        117.681         394421            inf            inf            inf    6.70566e+21    1.42742e+22   1.64699e+173
        117.681         432876            inf            inf            inf    7.83036e+21    1.61593e+22   1.64699e+173
        117.681         475081            inf            inf            inf    9.14369e+21    1.82934e+22   1.64699e+173
        117.681         521401            inf            inf            inf    1.06773e+22    2.07094e+22   1.64699e+173
        117.681         572237            inf            inf            inf    1.24681e+22    2.34444e+22   1.64699e+173
        117.681         628029            inf            inf            inf    1.45593e+22    2.65406e+22   1.64699e+173
        117.681         689261            inf            inf            inf    1.70013e+22    3.00458e+22   1.64699e+173
        117.681         756463            inf            inf            inf    1.98528e+22    3.40138e+22   1.64699e+173
        117.681         830218            inf            inf            inf    2.31826e+22    3.85059e+22   1.64699e+173
        117.681         911163            inf            inf            inf    2.70709e+22    4.35913e+22   1.64699e+173
        117.681          1e+06            inf            inf            inf    3.16113e+22    4.93482e+22   1.64699e+173
        138.489            100            100            100    6.80709e+15    6.81044e+15    2.29054e+17        1.00069
        138.489         109.75         109.75         109.75    7.94855e+15    7.95272e+15    2.59305e+17        1.00073
        138.489         120.45         120.45         120.45    9.28139e+15    9.28657e+15     2.9355e+17        1.00078
        138.489        132.194        132.194        132.194    1.08377e+16    1.08442e+16    3.32319e+17        1.00083
        138.489        145.083        145.083        145.083     1.2655e+16     1.2663e+16    3.76207e+17        1.00088
        138.489        159.228        159.228        159.228    1.47769e+16    1.47869e+16    4.25891e+17        1.00094
        138.489        174.753        174.753        174.753    1.72546e+16     1.7267e+16    4.82137e+17          1.001
        138.489        191.791        191.791        191.791    2.01477e+16     2.0163e+16    5.45812e+17        1.00107
        138.489         210.49         210.49         210.49    2.35258e+16    2.35449e+16    6.17895e+17        1.00113
        138.489        231.013        231.013        231.013    2.74702e+16    2.74939e+16    6.99499e+17        1.00121
        138.489        253.536        253.536        253.536    3.20758e+16    3.21053e+16    7.91879e+17        1.00128
        138.489        278.256        278.256        278.256    3.74535e+16    3.74901e+16     8.9646e+17        1.00137
        138.489        305.386        305.386        305.386    4.37326e+16     4.3778e+16    1.01485e+18        1.00145
        138.489         335.16         335.16         335.16    5.10643e+16    5.11206e+16    1.14888e+18        1.00155
        138.489        367.838        367.838        367.838    5.96247e+16    5.96948e+16    1.30061e+18        1.00164
        138.489        403.702        403.702        403.702      6.962e+16     6.9707e+16    1.47238e+18        1.00175
        138.489        443.062        443.062        443.062    8.12904e+16    8.13985e+16    1.66683e+18        1.00186
        138.489         486.26         486.26         486.26    9.49167e+16     9.5051e+16    1.88696e+18        1.00198
        138.489         533.67         533.67         533.67    1.10826e+17    1.10993e+17    2.13617e+18        1.00211
        138.489        585.702        585.702        585.702    1.29402e+17    1.29609e+17    2.41828e+18        1.00224
        138.489        642.807        642.807        642.807    1.51091e+17    1.51348e+17    2.73766e+18        1.00238
        138.489         705.48         705.48         705.48    1.76413e+17    1.76733e+17    3.09921e+18        1.00254
        138.489        774.264        774.264        774.264    2.05978e+17    2.06375e+17    3.50852e+18         1.0027
        138.489        849.753        849.753        849.753    2.40495e+17    2.40989e+17    3.97188e+18        1.00287
        138.489        932.603        932.603        932.603    2.80795e+17    2.81408e+17    4.49643e+18        1.00306
        138.489        1023.53        1023.53        1023.53    3.27846e+17    3.28607e+17    5.09026e+18        1.00325
        138.489        1123.32        1123.32        1123.32    3.82777e+17    3.83722e+17    5.76251e+18        1.00346
        138.489        1232.85        1232.85        1232.85    4.46907e+17    4.48082e+17    6.52355e+18        1.00368
        138.489        1353.05        1353.05        1353.05    5.21777e+17    5.23236e+17    7.38509e+18        1.00391
        138.489        1484.97        1484.97        1484.97    6.09182e+17    6.10995e+17    8.36042e+18        1.00416
        138.489        1629.75        1629.75        1629.75    7.11222e+17    7.13473e+17    9.46455e+18        1.00443
        138.489        1788.65        1788.65        1788.65    8.30343e+17    8.33139e+17    1.07145e+19        1.00471
        138.489        1963.04        1963.04        1963.04    9.69404e+17    9.72876e+17    1.21295e+19        1.00501
        138.489        2154.43        2154.43        2154.43    1.13174e+18    1.13605e+18    1.37314e+19        1.00533
        138.489        2364.49        2364.49        2364.49    1.32124e+18    1.32659e+18    1.55449e+19        1.00567
        138.489        2595.02        2595.02        2595.02    1.54244e+18    1.54909e+18    1.75979e+19        1.00604
        138.489        2848.04        2848.04        2848.04    1.80065e+18    1.80891e+18     1.9922e+19        1.00642
        138.489        3125.72        3125.72        3125.72    2.10205e+18    2.11231e+18     2.2553e+19        1.00683
        138.489        3430.47        3430.47        3430.47    2.45386e+18     2.4666e+18    2.55315e+19        1.00727
        138.489        3764.94        3764.94        3764.94    2.86448e+18     2.8803e+18    2.89034e+19        1.00773
        138.489        4132.01        4132.01        4132.01    3.34375e+18     3.3634e+18    3.27205e+19        1.00822
        138.489        4534.88        4534.88        4534.88    3.90313e+18    3.92752e+18    3.70418e+19        1.00874
        138.489        4977.02        4977.02        4977.02    4.55597e+18    4.58626e+18    4.19338e+19         1.0093
        138.489        5462.28        5462.28        5462.28    5.31788e+18    5.35548e+18    4.74719e+19        1.00989
        138.489        5994.84        5994.84        5994.84    6.20704e+18    6.25372e+18    5.37414e+19        1.01052
        138.489        6579.33        6579.33        6579.33    7.24466e+18    7.30262e+18    6.08388e+19        1.01119
        138.489        7220.81        7220.81        7220.81    8.45549e+18    8.52744e+18    6.88736e+19        1.01191
        138.489        7924.83        7924.83        7924.83    9.86838e+18    9.95769e+18    7.79695e+19        1.01266
        138.489        8697.49        8697.49        8697.49     1.1517e+19    1.16278e+19    8.82667e+19        1.01347
        138.489        9545.48        9545.48        9545.48    1.34405e+19    1.35781e+19    9.99238e+19        1.01432
        138.489        10476.2        10476.2        10476.2    1.56847e+19    1.58555e+19     1.1312e+20        1.01523
        138.489        11497.6        11497.6        11497.6    1.83028e+19    1.85148e+19     1.2806e+20         1.0162
        138.489        12618.6        12618.6        12618.6    2.13571e+19    2.16202e+19    1.44972e+20        1.01723
        138.489        13848.9        13848.9        13848.9      2.492e+19    2.52464e+19    1.64118e+20        1.01832
        138.489        15199.1        15199.1        15199.1    2.90758e+19    2.94808e+19    1.85793e+20        1.01948
        138.489          16681          16681          16681     3.3923e+19    3.44254e+19     2.1033e+20        1.02071
        138.489        18307.4        18307.4        18307.4    3.95761e+19    4.01994e+19    2.38108e+20        1.02203
        138.489        20092.3        20092.3        20092.3    4.61686e+19    4.69417e+19    2.69554e+20        1.02342
        138.489        22051.3        22051.3        22051.3     5.3856e+19     5.4815e+19    3.05153e+20         1.0249
        138.489        24201.3        24201.3        24201.3    6.28195e+19    6.40088e+19    3.45453e+20        1.02647
        138.489        26560.9        26560.9        26560.9    7.32697e+19    7.47445e+19    3.91076e+20        1.02814
        138.489        29150.5        29150.5        29150.5    8.54524e+19     8.7281e+19    4.42725e+20        1.02992
        138.489        31992.7        31992.7        31992.7     9.9653e+19     1.0192e+20    5.01194e+20         1.0318
        138.489        35111.9        35111.9        35111.9    1.16204e+20    1.19014e+20    5.67385e+20         1.0338
        138.489        38535.3        38535.3        38535.3    1.35493e+20    1.38976e+20    6.42318e+20        1.03593
        138.489        42292.4        42292.4        42292.4    1.57969e+20    1.62286e+20    7.27146e+20        1.03818
        138.489        46415.9        46415.9        46415.9    1.84157e+20    1.89505e+20    8.23178e+20        1.04058
        138.489        50941.4        50941.4        50941.4    2.14664e+20    2.21289e+20    9.31893e+20        1.04312
        138.489        55908.1        55908.1        55908.1    2.50198e+20    2.58404e+20    1.05496e+21        1.04582
        138.489        61359.1        61359.1        61359.1    2.91582e+20    3.01745e+20    1.19429e+21        1.04869
        138.489        67341.5        67341.5        67341.5    3.39771e+20    3.52355e+20    1.35202e+21        1.05172
        138.489        73907.2        73907.2        73907.2    3.95876e+20    4.11453e+20    1.53057e+21        1.05495
        138.489        81113.1        81113.1        81113.1    4.61184e+20    4.80463e+20    1.73271e+21        1.05837
        138.489        89021.5        89021.5        89021.5    5.37193e+20    5.61048e+20    1.96155e+21        1.06199
        138.489          97701          97701          97701    6.25638e+20    6.55149e+20     2.2206e+21        1.06584
        138.489         107227         107227         107227    7.28535e+20    7.65034e+20    2.51387e+21        1.06991
        138.489         117681         117681         117681     8.4822e+20    8.93348e+20    2.84587e+21        1.07423
        138.489         129155         129155         129155    9.87401e+20    1.04318e+21    3.22171e+21        1.07881
        138.489         141747         141747         141747    1.14922e+21    1.21815e+21    3.64719e+21        1.08365
        138.489         155568         155568         155568     1.3373e+21    1.42246e+21    4.12886e+21        1.08879
        138.489         170735         170735         170735    1.55588e+21    1.66104e+21    4.67415e+21        1.09422
        138.489         187382         191604         191604    1.87648e+21    1.93964e+21    5.29145e+21         1.1014
        138.489         205651         314947         314947    4.19065e+21    2.26496e+21    5.99028e+21        1.13877
        138.489         225702         229898         229898    2.52125e+21    2.64485e+21    6.78139e+21        1.11383
        138.489         247708         247708         247708    2.84468e+21    3.08845e+21    7.67699e+21        1.11932
        138.489         271859         271906         271906    3.30689e+21    3.60646e+21    8.69086e+21        1.12654
        138.489         298365         298368         298368    3.84114e+21    4.21135e+21    9.83864e+21        1.13414
        138.489         327455         331641         331641    4.55372e+21    4.91769e+21     1.1138e+22        1.14332
        138.489         359381         417959         417959     6.5998e+21     5.7425e+21     1.2609e+22        1.16551
        138.489         394421         394421         394421    6.01477e+21    6.70566e+21    1.42742e+22        1.15967
        138.489         432876         432876         432876    6.98061e+21    7.83036e+21    1.61593e+22        1.16914
        138.489         475081         490221         490221    8.51469e+21    9.14369e+21    1.82934e+22        1.18263
        138.489         521401         521401         521401    9.39383e+21    1.06773e+22    2.07094e+22        1.18968
        138.489         572237         808895              0    1.88317e+22    1.24681e+22    2.34444e+22        1.24764
        138.489         628029         654638         654638    1.34828e+22    1.45593e+22    2.65406e+22        1.21794
        138.489         689261         906295              0    2.25177e+22    1.70013e+22    3.00458e+22        1.26509
        138.489         756463         756724         756724    1.69533e+22    1.98528e+22    3.40138e+22        1.23791
        138.489         830218    1.16025e+06              0    3.31383e+22    2.31826e+22    3.85059e+22        1.30688
        138.489         911163    1.13002e+06    1.13002e+06    3.18019e+22    2.70709e+22    4.35913e+22        1.30215
        138.489          1e+06    1.74192e+06    1.74192e+06    6.21798e+22    3.16113e+22    4.93482e+22         1.3886
        162.975            100            100            100    6.80709e+15    6.81044e+15    2.29054e+17        1.00069
        162.975         109.75         109.75         109.75    7.94855e+15    7.95272e+15    2.59305e+17        1.00073
        162.975         120.45         120.45         120.45    9.28139e+15    9.28657e+15     2.9355e+17        1.00078
        162.975        132.194        132.194        132.194    1.08377e+16    1.08442e+16    3.32319e+17        1.00083
        162.975        145.083        145.083        145.083     1.2655e+16     1.2663e+16    3.76207e+17        1.00088
        162.975        159.228        159.228        159.228    1.47769e+16    1.47869e+16    4.25891e+17        1.00094
        162.975        174.753        174.753        174.753    1.72546e+16     1.7267e+16    4.82137e+17          1.001
        162.975        191.791        191.791        191.791    2.01477e+16     2.0163e+16    5.45812e+17        1.00107
        162.975         210.49         210.49         210.49    2.35258e+16    2.35449e+16    6.17895e+17        1.00113
        162.975        231.013        231.013        231.013    2.74702e+16    2.74939e+16    6.99499e+17        1.00121
        162.975        253.536        253.536        253.536    3.20758e+16    3.21053e+16    7.91879e+17        1.00128
        162.975        278.256        278.256        278.256    3.74535e+16    3.74901e+16     8.9646e+17        1.00137
        162.975        305.386        305.386        305.386    4.37326e+16     4.3778e+16    1.01485e+18        1.00145
        162.975         335.16         335.16         335.16    5.10643e+16    5.11206e+16    1.14888e+18        1.00155
        162.975        367.838        367.838        367.838    5.96247e+16    5.96948e+16    1.30061e+18        1.00164
        162.975        403.702        403.702        403.702      6.962e+16     6.9707e+16    1.47238e+18        1.00175
        162.975        443.062        443.062        443.062    8.12904e+16    8.13985e+16    1.66683e+18        1.00186
        162.975         486.26         486.26         486.26    9.49167e+16     9.5051e+16    1.88696e+18        1.00198
        162.975         533.67         533.67         533.67    1.10826e+17    1.10993e+17    2.13617e+18        1.00211
        162.975        585.702        585.702        585.702    1.29402e+17    1.29609e+17    2.41828e+18        1.00224
        162.975        642.807        642.807        642.807    1.51091e+17    1.51348e+17    2.73766e+18        1.00238
        162.975         705.48         705.48         705.48    1.76413e+17    1.76733e+17    3.09921e+18        1.00254
        162.975        774.264        774.264        774.264    2.05978e+17    2.06375e+17    3.50852e+18         1.0027
        162.975        849.753        849.753        849.753    2.40495e+17    2.40989e+17    3.97188e+18        1.00287
        162.975        932.603        932.603        932.603    2.80796e+17    2.81408e+17    4.49643e+18        1.00306
        162.975        1023.53        1023.53        1023.53    3.27846e+17    3.28607e+17    5.09026e+18        1.00325
        162.975        1123.32        1123.32        1123.32    3.82777e+17    3.83722e+17    5.76251e+18        1.00346
        162.975        1232.85        1232.85        1232.85    4.46907e+17    4.48082e+17    6.52355e+18        1.00368
        162.975        1353.05        1353.05        1353.05    5.21776e+17    5.23236e+17    7.38509e+18        1.00391
        162.975        1484.97        1484.97        1484.97    6.09182e+17    6.10995e+17    8.36042e+18        1.00416
        162.975        1629.75        1629.75        1629.75    7.11222e+17    7.13473e+17    9.46455e+18        1.00443
        162.975        1788.65        1788.65        1788.65    8.30343e+17    8.33139e+17    1.07145e+19        1.00471
        162.975        1963.04        1963.04        1963.04    9.69404e+17    9.72876e+17    1.21295e+19        1.00501
        162.975        2154.43        2154.43        2154.43    1.13174e+18    1.13605e+18    1.37314e+19        1.00533
        162.975        2364.49        2364.49        2364.49    1.32124e+18    1.32659e+18    1.55449e+19        1.00567
        162.975        2595.02        2595.02        2595.02    1.54244e+18    1.54909e+18    1.75979e+19        1.00604
        162.975        2848.04        2848.04        2848.04    1.80065e+18    1.80891e+18     1.9922e+19        1.00642
        162.975        3125.72        3125.72        3125.72    2.10205e+18    2.11231e+18     2.2553e+19        1.00683
        162.975        3430.47        3430.47        3430.47    2.45386e+18     2.4666e+18    2.55315e+19        1.00727
        162.975        3764.94        3764.94        3764.94    2.86448e+18     2.8803e+18    2.89034e+19        1.00773
        162.975        4132.01        4132.01        4132.01    3.34375e+18     3.3634e+18    3.27205e+19        1.00822
        162.975        4534.88        4534.88        4534.88    3.90313e+18    3.92752e+18    3.70418e+19        1.00874
        162.975        4977.02        4977.02        4977.02    4.55597e+18    4.58626e+18    4.19338e+19         1.0093
        162.975        5462.28        5462.28        5462.28    5.31788e+18    5.35548e+18    4.74719e+19        1.00989
        162.975        5994.84        5994.84        5994.84    6.20704e+18    6.25372e+18    5.37414e+19        1.01052
        162.975        6579.33        6579.33        6579.33    7.24466e+18    7.30262e+18    6.08388e+19        1.01119
        162.975        7220.81        7220.81        7220.81    8.45549e+18    8.52744e+18    6.88736e+19        1.01191
        162.975        7924.83        7924.83        7924.83    9.86838e+18    9.95769e+18    7.79695e+19        1.01266
        162.975        8697.49        8697.49        8697.49     1.1517e+19    1.16278e+19    8.82667e+19        1.01347
        162.975        9545.48        9545.48        9545.48    1.34405e+19    1.35781e+19    9.99238e+19        1.01432
        162.975        10476.2        10476.2        10476.2    1.56847e+19    1.58555e+19     1.1312e+20        1.01523
        162.975        11497.6        11497.6        11497.6    1.83028e+19    1.85148e+19     1.2806e+20         1.0162
        162.975        12618.6        12618.6        12618.6    2.13571e+19    2.16202e+19    1.44972e+20        1.01723
        162.975        13848.9        13848.9        13848.9      2.492e+19    2.52464e+19    1.64118e+20        1.01832
        162.975        15199.1        15199.1        15199.1    2.90758e+19    2.94808e+19    1.85793e+20        1.01948
        162.975          16681          16681          16681     3.3923e+19    3.44254e+19     2.1033e+20        1.02071
        162.975        18307.4        18307.4        18307.4    3.95761e+19    4.01994e+19    2.38108e+20        1.02203
        162.975        20092.3        20092.3        20092.3    4.61686e+19    4.69417e+19    2.69554e+20        1.02342
        162.975        22051.3        22051.3        22051.3     5.3856e+19     5.4815e+19    3.05153e+20         1.0249
        162.975        24201.3        24201.3        24201.3    6.28195e+19    6.40088e+19    3.45453e+20        1.02647
        162.975        26560.9        26560.9        26560.9    7.32698e+19    7.47445e+19    3.91076e+20        1.02814
        162.975        29150.5        29150.5        29150.5    8.54524e+19     8.7281e+19    4.42725e+20        1.02992
        162.975        31992.7        31992.7        31992.7     9.9653e+19     1.0192e+20    5.01194e+20         1.0318
        162.975        35111.9        35111.9        35111.9    1.16204e+20    1.19014e+20    5.67385e+20         1.0338
        162.975        38535.3        38535.3        38535.3    1.35493e+20    1.38976e+20    6.42318e+20        1.03593
        162.975        42292.4        42292.4        42292.4    1.57969e+20    1.62286e+20    7.27146e+20        1.03818
        162.975        46415.9        46415.9        46415.9    1.84157e+20    1.89505e+20    8.23178e+20        1.04058
        162.975        50941.4        50941.4        50941.4    2.14664e+20    2.21289e+20    9.31893e+20        1.04312
        162.975        55908.1        55908.1        55908.1    2.50198e+20    2.58404e+20    1.05496e+21        1.04582
        162.975        61359.1        61359.1        61359.1    2.91582e+20    3.01745e+20    1.19429e+21        1.04869
        162.975        67341.5        67341.5        67341.5    3.39771e+20    3.52355e+20    1.35202e+21        1.05172
        162.975        73907.2        73907.2        73907.2    3.95876e+20    4.11453e+20    1.53057e+21        1.05495
        162.975        81113.1        81113.1        81113.1    4.61184e+20    4.80463e+20    1.73271e+21        1.05837
        162.975        89021.5        89021.5        89021.5    5.37193e+20    5.61048e+20    1.96155e+21        1.06199
        162.975          97701          97701          97701    6.25638e+20    6.55149e+20     2.2206e+21        1.06584
        162.975         107227         107227         107227    7.28535e+20    7.65034e+20    2.51387e+21        1.06991
        162.975         117681         117681         117681     8.4822e+20    8.93348e+20    2.84587e+21        1.07423
        162.975         129155         129155         129155    9.87401e+20    1.04318e+21    3.22171e+21        1.07881
        162.975         141747         141747         141747    1.14922e+21    1.21815e+21    3.64719e+21        1.08365
        162.975         155568         155568         155568     1.3373e+21    1.42246e+21    4.12886e+21        1.08879
        162.975         170735         170735         170735    1.55588e+21    1.66104e+21    4.67415e+21        1.09422
        162.975         187382         187382         187382     1.8098e+21    1.93964e+21    5.29145e+21        1.09998
        162.975         205651         205651         205651    2.10473e+21    2.26496e+21    5.99028e+21        1.10607
        162.975         225702         225702         225702    2.44718e+21    2.64485e+21    6.78139e+21        1.11251
        162.975         247708         247708         247708    2.84468e+21    3.08845e+21    7.67699e+21        1.11932
        162.975         271859         271885         271885    3.30646e+21    3.60646e+21    8.69086e+21        1.12654
        162.975         298365         298373         298373    3.84124e+21    4.21135e+21    9.83864e+21        1.13415
        162.975         327455         327455         327455    4.46164e+21    4.91769e+21     1.1138e+22        1.14219
        162.975         359381         495187         495187    8.65264e+21     5.7425e+21     1.2609e+22        1.18377
        162.975         394421         394566         394566    6.01831e+21    6.70566e+21    1.42742e+22         1.1597
        162.975         432876         465535         465535    7.84089e+21    7.83036e+21    1.61593e+22        1.17691
        162.975         475081         475081         475081    8.09909e+21    9.14369e+21    1.82934e+22        1.17914
        162.975         521401         628567         628567    1.26421e+22    1.06773e+22    2.07094e+22        1.21263
        162.975         572237         654767         654767     1.3487e+22    1.24681e+22    2.34444e+22        1.21797
        162.975         628029         713646         713646     1.5455e+22    1.45593e+22    2.65406e+22        1.22964
        162.975         689261         698800         698800    1.49499e+22    1.70013e+22    3.00458e+22        1.22674
        162.975         756463            inf            inf            inf    1.98528e+22    3.40138e+22   2.28089e+173
        162.975         830218            inf            inf            inf    2.31826e+22    3.85059e+22   2.28089e+173
        162.975         911163            inf            inf            inf    2.70709e+22    4.35913e+22   2.28089e+173
        162.975          1e+06            inf            inf            inf    3.16113e+22    4.93482e+22   2.28089e+173
        191.791            100            100            100    6.80709e+15    6.81044e+15    2.29054e+17        1.00069
        191.791         109.75         109.75         109.75    7.94855e+15    7.95272e+15    2.59305e+17        1.00073
        191.791         120.45         120.45         120.45    9.28139e+15    9.28657e+15     2.9355e+17        1.00078
        191.791        132.194        132.194        132.194    1.08377e+16    1.08442e+16    3.32319e+17        1.00083
        191.791        145.083        145.083        145.083     1.2655e+16     1.2663e+16    3.76207e+17        1.00088
        191.791        159.228        159.228        159.228    1.47769e+16    1.47869e+16    4.25891e+17        1.00094
        191.791        174.753        174.753        174.753    1.72546e+16     1.7267e+16    4.82137e+17          1.001
        191.791        191.791        191.791        191.791    2.01477e+16     2.0163e+16    5.45812e+17        1.00107
        191.791         210.49         210.49         210.49    2.35258e+16    2.35449e+16    6.17895e+17        1.00113
        191.791        231.013        231.013        231.013    2.74702e+16    2.74939e+16    6.99499e+17        1.00121
        191.791        253.536        253.536        253.536    3.20758e+16    3.21053e+16    7.91879e+17        1.00128
        191.791        278.256        278.256        278.256    3.74535e+16    3.74901e+16     8.9646e+17        1.00137
        191.791        305.386        305.386        305.386    4.37326e+16     4.3778e+16    1.01485e+18        1.00145
        191.791         335.16         335.16         335.16    5.10643e+16    5.11206e+16    1.14888e+18        1.00155
        191.791        367.838        367.838        367.838    5.96247e+16    5.96948e+16    1.30061e+18        1.00164
        191.791        403.702        403.702        403.702      6.962e+16     6.9707e+16    1.47238e+18        1.00175
        191.791        443.062        443.062        443.062    8.12904e+16    8.13985e+16    1.66683e+18        1.00186
        191.791         486.26         486.26         486.26    9.49167e+16     9.5051e+16    1.88696e+18        1.00198
        191.791         533.67         533.67         533.67    1.10826e+17    1.10993e+17    2.13617e+18        1.00211
        191.791        585.702        585.702        585.702    1.29402e+17    1.29609e+17    2.41828e+18        1.00224
        191.791        642.807        642.807        642.807    1.51091e+17    1.51348e+17    2.73766e+18        1.00238
        191.791         705.48         705.48         705.48    1.76413e+17    1.76733e+17    3.09921e+18        1.00254
        191.791        774.264        774.264        774.264    2.05978e+17    2.06375e+17    3.50852e+18         1.0027
        191.791        849.753        849.753        849.753    2.40495e+17    2.40989e+17    3.97188e+18        1.00287
        191.791        932.603        932.603        932.603    2.80795e+17    2.81408e+17    4.49643e+18        1.00306
        191.791        1023.53        1023.53        1023.53    3.27846e+17    3.28607e+17    5.09026e+18        1.00325
        191.791        1123.32        1123.32        1123.32    3.82777e+17    3.83722e+17    5.76251e+18        1.00346
        191.791        1232.85        1232.85        1232.85    4.46907e+17    4.48082e+17    6.52355e+18        1.00368
        191.791        1353.05        1353.05        1353.05    5.21777e+17    5.23236e+17    7.38509e+18        1.00391
        191.791        1484.97        1484.97        1484.97    6.09182e+17    6.10995e+17    8.36042e+18        1.00416
        191.791        1629.75        1629.75        1629.75    7.11222e+17    7.13473e+17    9.46455e+18        1.00443
        191.791        1788.65        1788.65        1788.65    8.30343e+17    8.33139e+17    1.07145e+19        1.00471
        191.791        1963.04        1963.04        1963.04    9.69404e+17    9.72876e+17    1.21295e+19        1.00501
        191.791        2154.43        2154.43        2154.43    1.13174e+18    1.13605e+18    1.37314e+19        1.00533
        191.791        2364.49        2364.49        2364.49    1.32124e+18    1.32659e+18    1.55449e+19        1.00567
        191.791        2595.02        2595.02        2595.02    1.54244e+18    1.54909e+18    1.75979e+19        1.00604
        191.791        2848.04        2848.04        2848.04    1.80065e+18    1.80891e+18     1.9922e+19        1.00642
        191.791        3125.72        3125.72        3125.72    2.10205e+18    2.11231e+18     2.2553e+19        1.00683
        191.791        3430.47        3430.47        3430.47    2.45386e+18     2.4666e+18    2.55315e+19        1.00727
        191.791        3764.94        3764.94        3764.94    2.86448e+18     2.8803e+18    2.89034e+19        1.00773
        191.791        4132.01        4132.01        4132.01    3.34375e+18     3.3634e+18    3.27205e+19        1.00822
        191.791        4534.88        4534.88        4534.88    3.90313e+18    3.92752e+18    3.70418e+19        1.00874
        191.791        4977.02        4977.02        4977.02    4.55597e+18    4.58626e+18    4.19338e+19         1.0093
        191.791        5462.28        5462.28        5462.28    5.31788e+18    5.35548e+18    4.74719e+19        1.00989
        191.791        5994.84        5994.84        5994.84    6.20704e+18    6.25372e+18    5.37414e+19        1.01052
        191.791        6579.33        6579.33        6579.33    7.24466e+18    7.30262e+18    6.08388e+19        1.01119
        191.791        7220.81        7220.81        7220.81    8.45549e+18    8.52744e+18    6.88736e+19        1.01191
        191.791        7924.83        7924.83        7924.83    9.86838e+18    9.95769e+18    7.79695e+19        1.01266
        191.791        8697.49        8697.49        8697.49     1.1517e+19    1.16278e+19    8.82667e+19        1.01347
        191.791        9545.48        9545.49        9545.49    1.34405e+19    1.35781e+19    9.99238e+19        1.01432
        191.791        10476.2        10476.2        10476.2    1.56847e+19    1.58555e+19     1.1312e+20        1.01523
        191.791        11497.6        11497.6        11497.6    1.83028e+19    1.85148e+19     1.2806e+20         1.0162
        191.791        12618.6        12618.6        12618.6    2.13571e+19    2.16202e+19    1.44972e+20        1.01723
        191.791        13848.9        13848.9        13848.9      2.492e+19    2.52464e+19    1.64118e+20        1.01832
        191.791        15199.1        15199.1        15199.1    2.90758e+19    2.94808e+19    1.85793e+20        1.01948
        191.791          16681          16681          16681     3.3923e+19    3.44254e+19     2.1033e+20        1.02071
        191.791        18307.4        18307.4        18307.4    3.95761e+19    4.01994e+19    2.38108e+20        1.02203
        191.791        20092.3        20092.3        20092.3    4.61686e+19    4.69417e+19    2.69554e+20        1.02342
        191.791        22051.3        22051.3        22051.3     5.3856e+19     5.4815e+19    3.05153e+20         1.0249
        191.791        24201.3        24201.3        24201.3    6.28195e+19    6.40088e+19    3.45453e+20        1.02647
        191.791        26560.9        26560.9        26560.9    7.32697e+19    7.47445e+19    3.91076e+20        1.02814
        191.791        29150.5        29150.5        29150.5    8.54524e+19     8.7281e+19    4.42725e+20        1.02992
        191.791        31992.7        31992.7        31992.7     9.9653e+19     1.0192e+20    5.01194e+20         1.0318
        191.791        35111.9        35111.9        35111.9    1.16204e+20    1.19014e+20    5.67385e+20         1.0338
        191.791        38535.3        38535.3        38535.3    1.35493e+20    1.38976e+20    6.42318e+20        1.03593
        191.791        42292.4        42292.4        42292.4    1.57969e+20    1.62286e+20    7.27146e+20        1.03818
        191.791        46415.9        46415.9        46415.9    1.84156e+20    1.89505e+20    8.23178e+20        1.04058
        191.791        50941.4        50941.4        50941.4    2.14664e+20    2.21289e+20    9.31893e+20        1.04312
        191.791        55908.1        55908.1        55908.1    2.50198e+20    2.58404e+20    1.05496e+21        1.04582
        191.791        61359.1        61359.1        61359.1    2.91582e+20    3.01745e+20    1.19429e+21        1.04869
        191.791        67341.5        67341.5        67341.5    3.39771e+20    3.52355e+20    1.35202e+21        1.05172
        191.791        73907.2        73907.2        73907.2    3.95876e+20    4.11453e+20    1.53057e+21        1.05495
        191.791        81113.1        81113.1        81113.1    4.61184e+20    4.80463e+20    1.73271e+21        1.05837
        191.791        89021.5        89021.5        89021.5    5.37193e+20    5.61048e+20    1.96155e+21        1.06199
        191.791          97701          97701          97701    6.25638e+20    6.55149e+20     2.2206e+21        1.06584
        191.791         107227         107227         107227    7.28535e+20    7.65034e+20    2.51387e+21        1.06991
        191.791         117681         117681         117681     8.4822e+20    8.93348e+20    2.84587e+21        1.07423
        191.791         129155         129155         129155    9.87401e+20    1.04318e+21    3.22171e+21        1.07881
        191.791         141747         141747         141747    1.14922e+21    1.21815e+21    3.64719e+21        1.08365
        191.791         155568         155568         155568     1.3373e+21    1.42246e+21    4.12886e+21        1.08879
        191.791         170735         170735         170735    1.55588e+21    1.66104e+21    4.67415e+21        1.09422
        191.791         187382         187382         187382     1.8098e+21    1.93964e+21    5.29145e+21        1.09998
        191.791         205651         205651         205651    2.10473e+21    2.26496e+21    5.99028e+21        1.10607
        191.791         225702         225702         225702    2.44718e+21    2.64485e+21    6.78139e+21        1.11251
        191.791         247708         247708         247708    2.84468e+21    3.08845e+21    7.67699e+21        1.11932
        191.791         271859         271859         271859    3.30596e+21    3.60646e+21    8.69086e+21        1.12653
        191.791         298365         298365         298365    3.84107e+21    4.21135e+21    9.83864e+21        1.13414
        191.791         327455         327455         327455    4.46163e+21    4.91769e+21     1.1138e+22        1.14219
        191.791         359381         359381         359381    5.18105e+21     5.7425e+21     1.2609e+22        1.15069
        191.791         394421         394421         394421    6.01477e+21    6.70566e+21    1.42742e+22        1.15967
        191.791         432876         433776         433776    7.00382e+21    7.83036e+21    1.61593e+22        1.16936
        191.791         475081         475721         475721     8.1165e+21    9.14369e+21    1.82934e+22        1.17929
        191.791         521401         619465         619465    1.23531e+22    1.06773e+22    2.07094e+22        1.21075
        191.791         572237         572237         572237     1.0892e+22    1.24681e+22    2.34444e+22         1.2008
        191.791         628029         628029         628029    1.26249e+22    1.45593e+22    2.65406e+22        1.21252
        191.791         689261         689261         689261    1.46285e+22    1.70013e+22    3.00458e+22        1.22486
        191.791         756463         756463         756463    1.69441e+22    1.98528e+22    3.40138e+22        1.23786
        191.791         830218         845245         845245    2.01806e+22    2.31826e+22    3.85059e+22        1.25426
        191.791         911163         911163         911163    2.27078e+22    2.70709e+22    4.35913e+22        1.26594
        191.791          1e+06    2.52289e+06    2.52289e+06    1.09567e+23    3.16113e+22    4.93482e+22        1.47926
        225.702            100            100            100    6.80709e+15    6.81044e+15    2.29054e+17        1.00069
        225.702         109.75         109.75         109.75    7.94855e+15    7.95272e+15    2.59305e+17        1.00073
        225.702         120.45         120.45         120.45    9.28139e+15    9.28657e+15     2.9355e+17        1.00078
        225.702        132.194        132.194        132.194    1.08377e+16    1.08442e+16    3.32319e+17        1.00083
        225.702        145.083        145.083        145.083     1.2655e+16     1.2663e+16    3.76207e+17        1.00088
        225.702        159.228        159.228        159.228    1.47769e+16    1.47869e+16    4.25891e+17        1.00094
        225.702        174.753        174.753        174.753    1.72546e+16     1.7267e+16    4.82137e+17          1.001
        225.702        191.791        191.791        191.791    2.01477e+16     2.0163e+16    5.45812e+17        1.00107
        225.702         210.49         210.49         210.49    2.35258e+16    2.35449e+16    6.17895e+17        1.00113
        225.702        231.013        231.013        231.013    2.74702e+16    2.74939e+16    6.99499e+17        1.00121
        225.702        253.536        253.536        253.536    3.20758e+16    3.21053e+16    7.91879e+17        1.00128
        225.702        278.256        278.256        278.256    3.74535e+16    3.74901e+16     8.9646e+17        1.00137
        225.702        305.386        305.386        305.386    4.37326e+16     4.3778e+16    1.01485e+18        1.00145
        225.702         335.16         335.16         335.16    5.10643e+16    5.11206e+16    1.14888e+18        1.00155
        225.702        367.838        367.838        367.838    5.96247e+16    5.96948e+16    1.30061e+18        1.00164
        225.702        403.702        403.702        403.702      6.962e+16     6.9707e+16    1.47238e+18        1.00175
        225.702        443.062        443.062        443.062    8.12904e+16    8.13985e+16    1.66683e+18        1.00186
        225.702         486.26         486.26         486.26    9.49167e+16     9.5051e+16    1.88696e+18        1.00198
        225.702         533.67         533.67         533.67    1.10826e+17    1.10993e+17    2.13617e+18        1.00211
        225.702        585.702        585.702        585.702    1.29402e+17    1.29609e+17    2.41828e+18        1.00224
        225.702        642.807        642.807        642.807    1.51091e+17    1.51348e+17    2.73766e+18        1.00238
        225.702         705.48         705.48         705.48    1.76413e+17    1.76733e+17    3.09921e+18        1.00254
        225.702        774.264        774.264        774.264    2.05978e+17    2.06375e+17    3.50852e+18         1.0027
        225.702        849.753        849.753        849.753    2.40495e+17    2.40989e+17    3.97188e+18        1.00287
        225.702        932.603        932.603        932.603    2.80795e+17    2.81408e+17    4.49643e+18        1.00306
        225.702        1023.53        1023.53        1023.53    3.27846e+17    3.28607e+17    5.09026e+18        1.00325
        225.702        1123.32        1123.32        1123.32    3.82777e+17    3.83722e+17    5.76251e+18        1.00346
        225.702        1232.85        1232.85        1232.85    4.46907e+17    4.48082e+17    6.52355e+18        1.00368
        225.702        1353.05        1353.05        1353.05    5.21777e+17    5.23236e+17    7.38509e+18        1.00391
        225.702        1484.97        1484.97        1484.97    6.09182e+17    6.10995e+17    8.36042e+18        1.00416
        225.702        1629.75        1629.75        1629.75    7.11222e+17    7.13473e+17    9.46455e+18        1.00443
        225.702        1788.65        1788.65        1788.65    8.30343e+17    8.33139e+17    1.07145e+19        1.00471
        225.702        1963.04        1963.04        1963.04    9.69404e+17    9.72876e+17    1.21295e+19        1.00501
        225.702        2154.43        2154.43        2154.43    1.13174e+18    1.13605e+18    1.37314e+19        1.00533
        225.702        2364.49        2364.49        2364.49    1.32124e+18    1.32659e+18    1.55449e+19        1.00567
        225.702        2595.02        2595.02        2595.02    1.54244e+18    1.54909e+18    1.75979e+19        1.00604
        225.702        2848.04        2848.04        2848.04    1.80065e+18    1.80891e+18     1.9922e+19        1.00642
        225.702        3125.72        3125.72        3125.72    2.10205e+18    2.11231e+18     2.2553e+19        1.00683
        225.702        3430.47        3430.47        3430.47    2.45386e+18     2.4666e+18    2.55315e+19        1.00727
        225.702        3764.94        3764.94        3764.94    2.86448e+18     2.8803e+18    2.89034e+19        1.00773
        225.702        4132.01        4132.01        4132.01    3.34375e+18     3.3634e+18    3.27205e+19        1.00822
        225.702        4534.88        4534.88        4534.88    3.90313e+18    3.92752e+18    3.70418e+19        1.00874
        225.702        4977.02        4977.02        4977.02    4.55597e+18    4.58626e+18    4.19338e+19         1.0093
        225.702        5462.28        5462.28        5462.28    5.31788e+18    5.35548e+18    4.74719e+19        1.00989
        225.702        5994.84        5994.84        5994.84    6.20704e+18    6.25372e+18    5.37414e+19        1.01052
        225.702        6579.33        6579.33        6579.33    7.24466e+18    7.30262e+18    6.08388e+19        1.01119
        225.702        7220.81        7220.81        7220.81    8.45549e+18    8.52744e+18    6.88736e+19        1.01191
        225.702        7924.83        7924.83        7924.83    9.86838e+18    9.95769e+18    7.79695e+19        1.01266
        225.702        8697.49        8697.49        8697.49     1.1517e+19    1.16278e+19    8.82667e+19        1.01347
        225.702        9545.48        9545.48        9545.48    1.34405e+19    1.35781e+19    9.99238e+19        1.01432
        225.702        10476.2        10476.2        10476.2    1.56847e+19    1.58555e+19     1.1312e+20        1.01523
        225.702        11497.6        11497.6        11497.6    1.83028e+19    1.85148e+19     1.2806e+20         1.0162
        225.702        12618.6        12618.6        12618.6    2.13571e+19    2.16202e+19    1.44972e+20        1.01723
        225.702        13848.9        13848.9        13848.9      2.492e+19    2.52464e+19    1.64118e+20        1.01832
        225.702        15199.1        15199.1        15199.1    2.90758e+19    2.94808e+19    1.85793e+20        1.01948
        225.702          16681          16681          16681     3.3923e+19    3.44254e+19     2.1033e+20        1.02071
        225.702        18307.4        18307.4        18307.4    3.95761e+19    4.01994e+19    2.38108e+20        1.02203
        225.702        20092.3        20092.3        20092.3    4.61686e+19    4.69417e+19    2.69554e+20        1.02342
        225.702        22051.3        22051.3        22051.3     5.3856e+19     5.4815e+19    3.05153e+20         1.0249
        225.702        24201.3        24201.3        24201.3    6.28195e+19    6.40088e+19    3.45453e+20        1.02647
        225.702        26560.9        26560.9        26560.9    7.32697e+19    7.47445e+19    3.91076e+20        1.02814
        225.702        29150.5        29150.5        29150.5    8.54524e+19     8.7281e+19    4.42725e+20        1.02992
        225.702        31992.7        31992.7        31992.7     9.9653e+19     1.0192e+20    5.01194e+20         1.0318
        225.702        35111.9        35111.9        35111.9    1.16204e+20    1.19014e+20    5.67385e+20         1.0338
        225.702        38535.3        38535.3        38535.3    1.35493e+20    1.38976e+20    6.42318e+20        1.03593
        225.702        42292.4        42292.4        42292.4    1.57969e+20    1.62286e+20    7.27146e+20        1.03818
        225.702        46415.9        46415.9        46415.9    1.84157e+20    1.89505e+20    8.23178e+20        1.04058
        225.702        50941.4        50941.4        50941.4    2.14663e+20    2.21289e+20    9.31893e+20        1.04312
        225.702        55908.1        55908.1        55908.1    2.50198e+20    2.58404e+20    1.05496e+21        1.04582
        225.702        61359.1        61359.1        61359.1    2.91582e+20    3.01745e+20    1.19429e+21        1.04869
        225.702        67341.5        67341.5        67341.5    3.39771e+20    3.52355e+20    1.35202e+21        1.05172
        225.702        73907.2        73907.2        73907.2    3.95876e+20    4.11453e+20    1.53057e+21        1.05495
        225.702        81113.1        81113.1        81113.1    4.61184e+20    4.80463e+20    1.73271e+21        1.05837
        225.702        89021.5        89021.5        89021.5    5.37193e+20    5.61048e+20    1.96155e+21        1.06199
        225.702          97701          97701          97701    6.25638e+20    6.55149e+20     2.2206e+21        1.06584
        225.702         107227         107227         107227    7.28535e+20    7.65034e+20    2.51387e+21        1.06991
        225.702         117681         117681         117681     8.4822e+20    8.93348e+20    2.84587e+21        1.07423
        225.702         129155         129155         129155    9.87401e+20    1.04318e+21    3.22171e+21        1.07881
        225.702         141747         141747         141747    1.14922e+21    1.21815e+21    3.64719e+21        1.08365
        225.702         155568         155568         155568     1.3373e+21    1.42246e+21    4.12886e+21        1.08879
        225.702         170735         170735         170735    1.55588e+21    1.66104e+21    4.67415e+21        1.09422
        225.702         187382         187382         187382     1.8098e+21    1.93964e+21    5.29145e+21        1.09998
        225.702         205651         205651         205651    2.10473e+21    2.26496e+21    5.99028e+21        1.10607
        225.702         225702         225702         225702    2.44718e+21    2.64485e+21    6.78139e+21        1.11251
        225.702         247708         247708         247708    2.84468e+21    3.08845e+21    7.67699e+21        1.11932
        225.702         271859         271859         271859    3.30596e+21    3.60646e+21    8.69086e+21        1.12653
        225.702         298365         298365         298365    3.84107e+21    4.21135e+21    9.83864e+21        1.13414
        225.702         327455         327455         327455    4.46164e+21    4.91769e+21     1.1138e+22        1.14219
        225.702         359381         359381         359381    5.18105e+21     5.7425e+21     1.2609e+22        1.15069
        225.702         394421         394421         394421    6.01477e+21    6.70566e+21    1.42742e+22        1.15967
        225.702         432876         432876         432876    6.98061e+21    7.83036e+21    1.61593e+22        1.16914
        225.702         475081         485991         485991    8.39782e+21    9.14369e+21    1.82934e+22        1.18166
        225.702         521401         521401         521401    9.39383e+21    1.06773e+22    2.07094e+22        1.18968
        225.702         572237         572237         572237     1.0892e+22    1.24681e+22    2.34444e+22         1.2008
        225.702         628029         679480         679480    1.43016e+22    1.45593e+22    2.65406e+22        1.22292
        225.702         689261         689288         689288    1.46295e+22    1.70013e+22    3.00458e+22        1.22487
